wl,flux,bflux
3000.0,0.445646,23997.4237859576
3001.0,0.314904,16993.451633365163
3002.0,0.273735,14803.40794271702
3003.0,0.30893699999999996,16742.811883379363
3004.0,0.403471,21912.75763471515
3005.0,0.47087799999999996,25628.222839040165
3006.0,0.443863,24209.374039129336
3007.0,0.371037,20280.352803861737
3008.0,0.329515,18049.130737562093
3009.0,0.364359,20000.118346007435
3010.0,0.453826,24963.963990387125
3011.0,0.497816,27441.84353736364
3012.0,0.456769,25232.510509979893
3013.0,0.419545,23225.279536177295
3014.0,0.41855600000000004,23219.543774236194
3015.0,0.42418999999999996,23581.824291493627
3016.0,0.411392,22918.639372233483
3017.0,0.365494,20404.615286893622
3018.0,0.303646,16987.522642935528
3019.0,0.23177899999999999,12994.215058476255
3020.0,0.15726199999999999,8835.118893636445
3021.0,0.158002,8895.348838146852
3022.0,0.273409,15424.964063816771
3023.0,0.391729,22146.60668772
3024.0,0.405947,22998.53012293516
3025.0,0.349034,19815.585773209223
3026.0,0.343114,19520.242951834924
3027.0,0.43318599999999996,24696.076091504743
3028.0,0.5054420000000001,28875.58529385132
3029.0,0.492284,28182.549692659944
3030.0,0.43356000000000006,24872.41905462411
3031.0,0.403431,23192.176639803936
3032.0,0.44312700000000005,25527.192224566363
3033.0,0.502638,29015.62408977226
3034.0,0.531354,30737.000405854604
3035.0,0.544099,31539.554746183676
3036.0,0.48445699999999997,28140.52132729467
3037.0,0.36601500000000003,21304.641610141578
3038.0,0.348381,20320.174306520814
3039.0,0.42298199999999997,24722.45794605523
3040.0,0.44543699999999997,26088.674665290233
3041.0,0.405954,23825.262660571912
3042.0,0.378855,22280.668450934943
3043.0,0.403104,23755.5887821358
3044.0,0.449808,26562.475291046252
3045.0,0.48904899999999996,28939.13859909549
3046.0,0.46756800000000004,27724.839590725467
3047.0,0.376367,22362.791607802235
3048.0,0.348236,20733.735086567518
3049.0,0.414919,24754.59271614418
3050.0,0.46196099999999996,27617.575038833864
3051.0,0.48590500000000003,29108.414445660954
3052.0,0.509776,30600.794651770826
3053.0,0.469314,28229.43285909364
3054.0,0.416524,25105.171076789597
3055.0,0.433068,26155.49531429154
3056.0,0.43123500000000003,26097.790789181203
3057.0,0.34786100000000003,21094.904490089888
3058.0,0.271135,16475.502715984836
3059.0,0.269217,16392.154324174015
3060.0,0.341496,20835.255424632058
3061.0,0.429724,26271.306133383234
3062.0,0.46533900000000006,28506.214573135323
3063.0,0.42043400000000003,25807.454158843317
3064.0,0.340161,20922.24521727809
3065.0,0.311319,19186.90942660437
3066.0,0.295804,18267.46438388453
3067.0,0.270877,16761.789587432544
3068.0,0.298064,18481.235683068066
3069.0,0.372798,23161.542590440502
3070.0,0.432292,26911.799185192558
3071.0,0.436122,27204.726245973277
3072.0,0.39700100000000005,24814.06976082956
3073.0,0.394109,24682.661524063777
3074.0,0.41171800000000003,25837.109815349773
3075.0,0.38959299999999997,24497.56219103068
3076.0,0.400419,25228.60597602383
3077.0,0.43158900000000006,27246.768708516214
3078.0,0.409659,25913.877845326766
3079.0,0.39369,24953.344816712874
3080.0,0.41608900000000004,26425.566509258144
3081.0,0.436018,27746.31984665777
3082.0,0.441708,28164.259966135673
3083.0,0.44070600000000004,28156.156100824726
3084.0,0.465369,29790.815088150153
3085.0,0.5140100000000001,32969.795471742014
3086.0,0.49681099999999995,31929.700987474745
3087.0,0.407188,26221.45571539505
3088.0,0.352315,22732.66528174453
3089.0,0.345493,22336.49827615801
3090.0,0.339174,21971.22244229978
3091.0,0.336471,21839.080889670993
3092.0,0.329948,21457.86399006381
3093.0,0.324115,21119.98518600777
3094.0,0.351846,22972.05295989025
3095.0,0.387642,25358.87312147479
3096.0,0.390305,25583.172405901634
3097.0,0.384858,25275.58306594789
3098.0,0.36735300000000004,24173.18419814279
3099.0,0.296074,19520.87917814914
3100.0,0.229773,15179.10465222661
3101.0,0.227318,15046.249964759063
3102.0,0.286515,19001.519136671744
3103.0,0.39071,25962.18433316179
3104.0,0.46983400000000003,31280.67500545433
3105.0,0.46519399999999994,31032.015371884696
3106.0,0.439999,29408.37316743006
3107.0,0.469721,31455.888308076155
3108.0,0.526875,35351.794857644476
3109.0,0.536913,36095.15646969223
3110.0,0.49410299999999996,33281.49815008078
3111.0,0.48437700000000006,32689.516175245408
3112.0,0.515706,34871.12856817826
3113.0,0.5235350000000001,35468.89151167369
3114.0,0.509374,34576.09815235155
3115.0,0.5262319999999999,35789.28444104753
3116.0,0.518196,35310.64167737766
3117.0,0.442796,30230.84417714939
3118.0,0.395485,27052.716116509262
3119.0,0.39477199999999996,27055.82093864603
3120.0,0.38219899999999996,26244.401809525734
3121.0,0.34992199999999996,24074.11778607404
3122.0,0.33575900000000003,23143.97978432202
3123.0,0.38159299999999996,26353.680011424618
3124.0,0.43166099999999996,29868.50034741253
3125.0,0.41894499999999996,29044.01149265625
3126.0,0.391315,27180.30428945675
3127.0,0.387073,26936.93484450452
3128.0,0.371992,25936.75412650248
3129.0,0.355454,24830.839808618784
3130.0,0.36449699999999996,25510.982719086976
3131.0,0.39960100000000004,28021.04168157522
3132.0,0.431309,30301.907062741197
3133.0,0.419804,29549.558616033442
3134.0,0.402344,28374.2370931487
3135.0,0.424005,29958.43585258289
3136.0,0.432113,30589.067450679147
3137.0,0.42889700000000003,30418.78880978153
3138.0,0.457766,32527.5762134091
3139.0,0.48482200000000003,34515.08980971252
3140.0,0.503657,35923.557687347115
3141.0,0.516044,36876.3760803064
3142.0,0.470526,33686.92931433108
3143.0,0.355023,25465.361492960685
3144.0,0.264471,19005.803380764097
3145.0,0.272809,19641.784839690685
3146.0,0.324119,23379.762231713466
3147.0,0.35334299999999996,25535.51962698396
3148.0,0.409951,29681.922754835312
3149.0,0.49198000000000003,35687.70880154163
3150.0,0.525419,38184.52531555987
3151.0,0.512629,37324.54006447674
3152.0,0.471095,34364.396981279555
3153.0,0.45589700000000005,33317.71234062248
3154.0,0.46150399999999997,33790.2485250219
3155.0,0.44050200000000006,32312.499044160002
3156.0,0.384079,28225.993851072973
3157.0,0.312246,22989.570243209026
3158.0,0.277935,20501.317465498327
3159.0,0.28936300000000004,21383.823592639565
3160.0,0.29839299999999996,22091.952638883038
3161.0,0.284435,21097.494921418052
3162.0,0.301845,22430.218257632176
3163.0,0.35646,26537.575946347057
3164.0,0.381779,28474.9319090134
3165.0,0.380744,28450.06184644684
3166.0,0.397825,29781.117145375832
3167.0,0.42144899999999996,31607.633948327122
3168.0,0.398867,29969.0096723404
3169.0,0.380891,28670.918253586668
3170.0,0.453592,34205.99009148701
3171.0,0.549095,41483.88658052969
3172.0,0.581256,43994.04054415487
3173.0,0.553017,41933.25933434795
3174.0,0.517695,39326.66594912416
3175.0,0.536891,40859.362678759375
3176.0,0.590498,45021.03624812815
3177.0,0.584271,44627.46981028004
3178.0,0.5272100000000001,40342.40069977619
3179.0,0.466291,35745.76418479655
3180.0,0.409979,31486.03014676182
3181.0,0.372338,28647.167576187905
3182.0,0.35047,27013.602035277698
3183.0,0.338629,26148.236849372806
3184.0,0.332756,25741.27545092019
3185.0,0.347441,26925.91251691041
3186.0,0.392558,30477.383994957578
3187.0,0.44364799999999993,34506.12307485373
3188.0,0.48214799999999997,37568.26058762136
3189.0,0.50374,39321.45055173185
3190.0,0.46316,36218.94604995328
3191.0,0.367805,28813.98723834756
3192.0,0.30856999999999996,24216.964005359412
3193.0,0.333831,26246.549834097346
3194.0,0.394442,31067.590620400824
3195.0,0.426925,33686.36661831886
3196.0,0.446424,35288.043567556735
3197.0,0.479656,37982.775083471955
3198.0,0.520094,41258.622098455686
3199.0,0.5062439999999999,40231.67680321608
3200.0,0.45872799999999997,36520.622052177336
3201.0,0.460976,36765.05396326236
3202.0,0.47250699999999995,37751.8657769002
3203.0,0.481488,38537.91616008615
3204.0,0.526487,42214.56364033667
3205.0,0.556793,44723.8949425268
3206.0,0.551586,44384.32238002059
3207.0,0.540003,43529.36656433124
3208.0,0.5135069999999999,41466.90938849778
3209.0,0.47840299999999997,38700.59378964881
3210.0,0.45498900000000003,36871.633332981095
3211.0,0.443543,36007.607435392216
3212.0,0.422652,34372.2397405731
3213.0,0.381004,31039.88617256748
3214.0,0.372582,30407.271282927457
3215.0,0.430704,35212.65669748163
3216.0,0.46393999999999996,37996.65178232031
3217.0,0.447908,36748.13208203844
3218.0,0.468257,38485.13218084472
3219.0,0.503736,41473.74614759911
3220.0,0.5126069999999999,42278.12297356358
3221.0,0.493701,40790.15725868781
3222.0,0.45772399999999996,37883.8914810299
3223.0,0.44855900000000004,37190.269075706434
3224.0,0.45782799999999996,38025.09101213413
3225.0,0.446563,37154.219013705784
3226.0,0.433518,36131.778903527374
3227.0,0.41271499999999994,34457.883242884825
3228.0,0.36678499999999997,30676.468606761075
3229.0,0.33358499999999996,27948.280270317562
3230.0,0.360709,30273.29256423688
3231.0,0.419444,35263.879979574194
3232.0,0.455916,38396.68198880814
3233.0,0.42658199999999996,35988.47721531364
3234.0,0.347794,29392.35868545448
3235.0,0.302774,25631.951259703197
3236.0,0.307759,26099.003028092367
3237.0,0.361654,30722.44839160719
3238.0,0.415383,35347.60506168329
3239.0,0.41842700000000005,35668.02248235167
3240.0,0.44056300000000004,37619.64898330545
3241.0,0.44923100000000005,38425.82099726623
3242.0,0.428566,36721.228589081285
3243.0,0.451866,38784.17338372689
3244.0,0.524509,45096.46908082793
3245.0,0.6042529999999999,52041.81858404253
3246.0,0.614665,53029.25472979554
3247.0,0.540212,46685.71264756532
3248.0,0.471959,40856.964837148145
3249.0,0.471533,40889.83153351746
3250.0,0.5057590000000001,43932.66895874239
3251.0,0.5103979999999999,44411.251315933405
3252.0,0.48420100000000005,42203.56571215177
3253.0,0.46556899999999996,40648.663978558194
3254.0,0.485703,42478.68905813587
3255.0,0.5541510000000001,48547.38938951224
3256.0,0.620085,54415.89390142322
3257.0,0.652659,57371.60485260103
3258.0,0.673636,59315.94101704696
3259.0,0.684918,60411.48748457765
3260.0,0.6693279999999999,59136.29351805297
3261.0,0.654562,57929.449362409556
3262.0,0.664393,58898.80851234482
3263.0,0.644306,57214.464013778976
3264.0,0.5835600000000001,51907.57238455172
3265.0,0.5666100000000001,50484.76399967002
3266.0,0.6106600000000001,54501.1680971644
3267.0,0.6521779999999999,58304.499665692354
3268.0,0.672337,60207.678465418816
3269.0,0.668285,59945.2637412473
3270.0,0.629459,56557.24595186924
3271.0,0.568312,51148.70332576656
3272.0,0.5459350000000001,49216.99443910654
3273.0,0.571631,51619.71784439092
3274.0,0.58832,53215.546022451395
3275.0,0.5914729999999999,53590.06033387271
3276.0,0.56224,51026.388150348015
3277.0,0.538829,48983.202217690814
3278.0,0.543325,49474.15440636962
3279.0,0.533098,48623.65283673246
3280.0,0.529848,48407.541171061974
3281.0,0.532524,48732.81108232407
3282.0,0.525308,48152.208024359024
3283.0,0.53561,49177.91840879365
3284.0,0.565875,52042.794316226165
3285.0,0.576303,53089.54157996006
3286.0,0.5616680000000001,51826.88822760044
3287.0,0.539089,49825.61210719328
3288.0,0.542376,50212.13868452847
3289.0,0.595878,55256.20502749813
3290.0,0.651382,60502.632028407315
3291.0,0.660802,61478.61009507973
3292.0,0.669938,62431.07984331042
3293.0,0.7013659999999999,65467.21291324587
3294.0,0.715253,66873.04639731528
3295.0,0.684228,64077.25610803202
3296.0,0.6574720000000001,61672.46942112425
3297.0,0.665801,62555.98987612299
3298.0,0.677966,63803.150365312955
3299.0,0.673765,63511.4132638565
3300.0,0.6834439999999999,64528.9735864731
3301.0,0.6684869999999999,63219.73218211365
3302.0,0.604057,57219.60336067952
3303.0,0.598913,56824.715520816906
3304.0,0.632939,60150.79461086253
3305.0,0.600214,57133.5210263437
3306.0,0.542724,51745.028013347386
3307.0,0.519606,49621.26856080087
3308.0,0.523386,50063.27875081642
3309.0,0.5462229999999999,52332.32494006725
3310.0,0.552875,53055.35616948246
3311.0,0.551963,53053.478254581554
3312.0,0.560512,53962.21930098306
3313.0,0.545108,52563.92835219753
3314.0,0.508981,49159.40076535193
3315.0,0.495483,47932.811059608204
3316.0,0.505848,49014.287080618495
3317.0,0.520786,50542.863983360614
3318.0,0.546177,53092.26212997033
3319.0,0.568036,55305.75703297325
3320.0,0.5657220000000001,55168.80677398396
3321.0,0.545219,53254.57592174765
3322.0,0.484149,47365.246141106305
3323.0,0.43595500000000004,42718.56133405122
3324.0,0.48350699999999996,47453.83358529567
3325.0,0.550791,54143.751069307604
3326.0,0.557301,54871.10203954966
3327.0,0.529895,52255.91118923939
3328.0,0.507826,50159.32309688292
3329.0,0.48262700000000003,47746.20618974085
3330.0,0.49538999999999994,49086.763731363666
3331.0,0.551706,54753.78818292247
3332.0,0.566042,56265.71108867815
3333.0,0.529863,52752.959751184026
3334.0,0.49067700000000003,48929.008168520144
3335.0,0.46115500000000004,46057.93889692681
3336.0,0.43429399999999996,43443.786086654174
3337.0,0.43983999999999995,44068.08852341653
3338.0,0.48221099999999995,48389.55760109769
3339.0,0.49633999999999995,49885.951218712165
3340.0,0.47656899999999996,47974.29579871365
3341.0,0.47415,47805.9341854858
3342.0,0.475933,48061.188306691176
3343.0,0.48886,49444.184458526244
3344.0,0.513725,52040.665546399156
3345.0,0.530692,53843.775830486375
3346.0,0.515764,52411.213658751774
3347.0,0.471395,47977.519122711725
3348.0,0.407839,41573.88337580803
3349.0,0.352279,35966.40419945131
3350.0,0.38682,39554.601513556474
3351.0,0.479671,49125.70376769221
3352.0,0.550635,56481.440908250355
3353.0,0.564425,57986.144265212766
3354.0,0.542684,55839.36191425632
3355.0,0.5516310000000001,56848.22874242031
3356.0,0.545331,56286.301004955756
3357.0,0.46870500000000004,48452.45241419312
3358.0,0.338177,35013.32100525112
3359.0,0.212508,22036.214454232675
3360.0,0.151544,15738.825776826783
3361.0,0.171037,17790.777798840452
3362.0,0.27516,28665.588224712974
3363.0,0.405091,42266.6914099093
3364.0,0.47474799999999995,49611.03797866417
3365.0,0.48256000000000004,50505.120445283515
3366.0,0.463801,48616.546414125056
3367.0,0.43176000000000003,45327.584164993925
3368.0,0.375235,39453.965866820785
3369.0,0.308849,32523.71094519173
3370.0,0.264963,27945.063945115955
3371.0,0.24629,26015.492397472906
3372.0,0.25216,26676.342081069215
3373.0,0.302603,32061.77315354502
3374.0,0.37933,40252.71144536943
3375.0,0.453157,48160.35720635202
3376.0,0.5089319999999999,54170.549294641474
3377.0,0.522995,55752.3154872048
3378.0,0.49621000000000004,52977.58950615526
3379.0,0.42606700000000003,45558.0689830589
3380.0,0.364106,38991.989260414746
3381.0,0.39153499999999997,41993.07849358112
3382.0,0.44645200000000007,47955.77158376904
3383.0,0.430133,46272.95993671135
3384.0,0.401606,43269.566008990805
3385.0,0.412238,44482.33946361444
3386.0,0.42267200000000005,45677.22901961347
3387.0,0.40307,43624.739111479794
3388.0,0.387863,42042.278010800066
3389.0,0.441263,47902.73884550111
3390.0,0.49083999999999994,53365.07794566754
3391.0,0.45968400000000004,50053.0311199268
3392.0,0.404388,44098.36368055084
3393.0,0.394594,43095.04505035356
3394.0,0.42513,46499.75751174931
3395.0,0.461791,50585.48300412674
3396.0,0.50948,55893.13969752738
3397.0,0.563809,61946.06559394263
3398.0,0.600186,66041.56738601596
3399.0,0.627318,69130.30570564177
3400.0,0.665313,73426.93246097959
3401.0,0.6493760000000001,71775.08041276956
3402.0,0.573231,63453.361274609226
3403.0,0.535075,59318.009050750436
3404.0,0.531558,59015.88701306702
3405.0,0.520502,57874.39852408611
3406.0,0.511973,57010.701826964585
3407.0,0.51384,57303.60095794648
3408.0,0.526347,58785.506877913256
3409.0,0.503287,56293.38623795627
3410.0,0.504096,56467.41335439874
3411.0,0.571446,64106.52827853173
3412.0,0.571028,64154.38119461655
3413.0,0.472433,53155.77261177535
3414.0,0.41784,47082.655853116994
3415.0,0.45873500000000006,51766.998639513076
3416.0,0.508115,57423.90652431517
3417.0,0.52822,59783.950216384175
3418.0,0.59185,67084.14786278753
3419.0,0.656143,74480.8604468066
3420.0,0.642165,73001.23171719484
3421.0,0.618055,70363.50967601492
3422.0,0.619931,70680.55955040811
3423.0,0.582503,66510.54245501487
3424.0,0.540116,61761.02689377265
3425.0,0.5596869999999999,64092.50876757143
3426.0,0.5851529999999999,67106.64376239968
3427.0,0.59326,68135.68498886393
3428.0,0.637712,73347.7962824037
3429.0,0.694863,80037.59603786845
3430.0,0.71228,82163.21297101479
3431.0,0.6721630000000001,77648.40312719044
3432.0,0.603543,69822.73455184324
3433.0,0.5598350000000001,64860.28331023336
3434.0,0.605169,70214.21997909457
3435.0,0.683032,79363.07934804972
3436.0,0.685683,79786.48799821403
3437.0,0.6463760000000001,75321.53239939413
3438.0,0.6257560000000001,73024.12396331708
3439.0,0.580584,67850.53192577176
3440.0,0.479789,56151.943564364454
3441.0,0.42108100000000004,49352.13179665466
3442.0,0.43884300000000004,51507.99740993633
3443.0,0.446546,52487.557763306526
3444.0,0.46162299999999995,54337.759558645426
3445.0,0.513093,60483.0884887965
3446.0,0.557661,65831.11029506479
3447.0,0.627394,74169.2282892316
3448.0,0.704334,83384.24515471973
3449.0,0.706503,83760.7899260968
3450.0,0.688565,81750.90347778542
3451.0,0.663287,78862.29731040829
3452.0,0.5859310000000001,69764.45316643953
3453.0,0.543949,64858.23709947664
3454.0,0.600785,71737.25204552394
3455.0,0.671585,80305.40961178586
3456.0,0.684067,81914.36582339552
3457.0,0.647183,77607.84319775538
3458.0,0.597661,71771.16109048828
3459.0,0.583257,70140.84904378321
3460.0,0.5828899999999999,70196.12362874794
3461.0,0.564922,68128.67509389002
3462.0,0.571522,69022.20057148117
3463.0,0.6197699999999999,74954.93929761367
3464.0,0.6672640000000001,80812.90587319556
3465.0,0.648836,78692.03107577133
3466.0,0.60616,73619.92051612692
3467.0,0.6216659999999999,75609.59389067414
3468.0,0.665086,81004.4322279638
3469.0,0.695769,84860.71858121174
3470.0,0.723813,88405.26508863922
3471.0,0.7262029999999999,88821.76123329035
3472.0,0.689107,84402.84041096165
3473.0,0.635853,77989.41335602624
3474.0,0.568986,69885.73025964413
3475.0,0.499192,61399.10099193177
3476.0,0.45476700000000003,56013.18622671319
3477.0,0.482231,59478.89217327065
3478.0,0.562545,69481.77383175092
3479.0,0.618283,76472.6762108177
3480.0,0.654409,81053.7429670063
3481.0,0.691204,85730.3023807532
3482.0,0.69262,86025.44268819272
3483.0,0.638753,79445.27832105877
3484.0,0.6191909999999999,77119.19683580728
3485.0,0.657872,82050.54412987619
3486.0,0.72313,90314.63232474103
3487.0,0.770257,96333.76752139254
3488.0,0.7428140000000001,93030.1243758831
3489.0,0.659486,82708.32177106135
3490.0,0.5690270000000001,71462.15145718779
3491.0,0.548535,68983.72154814115
3492.0,0.57457,72357.53533339709
3493.0,0.570585,71954.70402359073
3494.0,0.584386,73796.56471920031
3495.0,0.569639,72033.25503113294
3496.0,0.516392,65389.69224683706
3497.0,0.524774,66542.33589091444
3498.0,0.607067,77082.85370389289
3499.0,0.6827529999999999,86811.98468040985
3500.0,0.690447,87910.51147623248
3501.0,0.682413,87006.48559856186
3502.0,0.70012,89386.1390216419
3503.0,0.732831,93690.24412788906
3504.0,0.7291989999999999,93353.14016527514
3505.0,0.665652,85333.9643098771
3506.0,0.621971,79842.86571857345
3507.0,0.64313,82671.44625160543
3508.0,0.683735,88010.57361034046
3509.0,0.672363,86664.37442818687
3510.0,0.617592,79712.73497245413
3511.0,0.616408,79667.84167390385
3512.0,0.623889,80744.01464157834
3513.0,0.569837,73848.44758241119
3514.0,0.535434,69483.85016731205
3515.0,0.57805,75115.58088044706
3516.0,0.662945,86263.74522990783
3517.0,0.717391,93474.34074725266
3518.0,0.711096,92779.04355700106
3519.0,0.660628,86310.43253907154
3520.0,0.604088,79029.76278554021
3521.0,0.577342,75632.29321347944
3522.0,0.576083,75568.76350859647
3523.0,0.531324,69790.98447703618
3524.0,0.45241099999999995,59505.235184872865
3525.0,0.437849,57667.086001373995
3526.0,0.464236,61224.26493064566
3527.0,0.531668,70211.12012639135
3528.0,0.619325,81896.26650764284
3529.0,0.6585529999999999,87199.86932727991
3530.0,0.663602,87985.65972475146
3531.0,0.659131,87509.36874936553
3532.0,0.644016,85616.52048419495
3533.0,0.6455270000000001,85931.60645360954
3534.0,0.676193,90133.51152484053
3535.0,0.6919890000000001,92361.59260554008
3536.0,0.699955,93548.84806434433
3537.0,0.710345,95063.38060913824
3538.0,0.721663,96706.01108197795
3539.0,0.755508,101375.42867699295
3540.0,0.7546,101387.53051617237
3541.0,0.71507,96203.28745986777
3542.0,0.7005779999999999,94378.04220433612
3543.0,0.719862,97103.82445061821
3544.0,0.737151,99567.05620568551
3545.0,0.720137,97397.08506413337
3546.0,0.696042,94262.16529559607
3547.0,0.667637,90534.2689869685
3548.0,0.641652,87124.90094591497
3549.0,0.665137,90432.28439122492
3550.0,0.695195,94642.93293883969
3551.0,0.68103,92836.00804049002
3552.0,0.636737,86911.74553852362
3553.0,0.596717,81555.72934962322
3554.0,0.588148,80489.62022909342
3555.0,0.6133460000000001,84047.6333384516
3556.0,0.619153,84954.06032969969
3557.0,0.595847,81862.80730009958
3558.0,0.5757140000000001,79199.76546459756
3559.0,0.5623670000000001,77464.31277940431
3560.0,0.549367,75771.9847849916
3561.0,0.524267,72403.97004839857
3562.0,0.543112,75103.90734841545
3563.0,0.5921960000000001,81997.64727429044
3564.0,0.565803,78444.67526183941
3565.0,0.467261,64866.366767527186
3566.0,0.420671,58474.1534376632
3567.0,0.464524,64653.25147516761
3568.0,0.492802,68677.58820641242
3569.0,0.44777,62482.36251704715
3570.0,0.417991,58402.14143645813
3571.0,0.459452,64277.7839424332
3572.0,0.5017510000000001,70285.77229054415
3573.0,0.529434,74258.9741348479
3574.0,0.538798,75669.44575141271
3575.0,0.52346,73609.70172871862
3576.0,0.514285,72412.22841392706
3577.0,0.51871,73128.8414358778
3578.0,0.511414,72192.52337016967
3579.0,0.500009,70672.83094697601
3580.0,0.45912,64976.37166153671
3581.0,0.392094,55561.44603830852
3582.0,0.412567,58537.133434770716
3583.0,0.469559,66708.3618232858
3584.0,0.427814,60855.20982224797
3585.0,0.34239400000000003,48766.4458768724
3586.0,0.325948,46483.09009574423
3587.0,0.34521599999999997,49293.405368055865
3588.0,0.36537800000000004,52238.54345712455
3589.0,0.38350700000000004,54899.98733376998
3590.0,0.448546,64291.82383730373
3591.0,0.570258,81840.72709806798
3592.0,0.624204,89696.08765882054
3593.0,0.601521,86545.82735466835
3594.0,0.5936060000000001,85514.84958862273
3595.0,0.605935,87401.06696265563
3596.0,0.6411720000000001,92600.26147018236
3597.0,0.6962149999999999,100676.36758838617
3598.0,0.744942,107858.07088329684
3599.0,0.779885,113059.30467952872
3600.0,0.7710359999999999,111916.85136204747
3601.0,0.705443,102524.43163545127
3602.0,0.625179,90973.30412238865
3603.0,0.6047640000000001,88112.83883845201
3604.0,0.618467,90222.11455607662
3605.0,0.615534,89906.53404568587
3606.0,0.629976,92130.93621379578
3607.0,0.649311,95077.12564792414
3608.0,0.6008859999999999,88096.10464903405
3609.0,0.517637,75985.51333202871
3610.0,0.503438,73993.21327271452
3611.0,0.5553319999999999,81721.91448568564
3612.0,0.585338,86244.62239563518
3613.0,0.56523,83385.30437528613
3614.0,0.590102,87162.55347048682
3615.0,0.662808,98023.15568659689
3616.0,0.708477,104906.96201327341
3617.0,0.6752319999999999,100107.98594006617
3618.0,0.548265,81384.72894166813
3619.0,0.46787,69536.65997586421
3620.0,0.540367,80410.58347021228
3621.0,0.644705,96055.16853755678
3622.0,0.695539,103756.67148847501
3623.0,0.693984,103652.16707581804
3624.0,0.6617649999999999,98961.58596697611
3625.0,0.691735,103570.49869947726
3626.0,0.767444,115047.19042853563
3627.0,0.765921,114959.75926623837
3628.0,0.715603,107539.02858209422
3629.0,0.683433,102830.40155712725
3630.0,0.604351,91042.88350041174
3631.0,0.508192,76650.554097983
3632.0,0.520767,78643.20230791815
3633.0,0.578681,87495.70990990636
3634.0,0.563645,85326.22685507906
3635.0,0.522885,79252.31506344468
3636.0,0.546291,82900.71113458896
3637.0,0.6028399999999999,91593.41533100592
3638.0,0.6517689999999999,99147.87717295185
3639.0,0.7010069999999999,106767.51836396237
3640.0,0.730857,111448.90997287992
3641.0,0.709573,108334.4702126033
3642.0,0.651792,99633.25595827501
3643.0,0.610219,93391.27111444906
3644.0,0.589342,90305.20125034463
3645.0,0.5729569999999999,87900.5843766369
3646.0,0.58485,89833.4619292479
3647.0,0.57506,88436.23834804572
3648.0,0.544956,83907.64832773927
3649.0,0.552666,85197.21886878395
3650.0,0.5715439999999999,88213.3775936144
3651.0,0.587432,90774.5372745186
3652.0,0.617581,95547.996058947
3653.0,0.653433,101216.07357684111
3654.0,0.684373,106135.72915127558
3655.0,0.725865,112705.3332845985
3656.0,0.753641,117158.1629576649
3657.0,0.758081,117989.30047940655
3658.0,0.756104,117822.18772055619
3659.0,0.74859,116790.53695865818
3660.0,0.726638,113500.91996928358
3661.0,0.712168,111373.25915545438
3662.0,0.706494,110617.46569409911
3663.0,0.697338,109313.76879842176
3664.0,0.681706,106990.32784863489
3665.0,0.710866,111699.32992236686
3666.0,0.7538520000000001,118594.32206668831
3667.0,0.747599,117750.03790496383
3668.0,0.703497,110935.02617662311
3669.0,0.638625,100824.48477047295
3670.0,0.62166,98262.14360019536
3671.0,0.668733,105827.57356855123
3672.0,0.7126600000000001,112912.18221796757
3673.0,0.709626,112564.08115538991
3674.0,0.7038989999999999,111787.20925312903
3675.0,0.732159,116412.11695395537
3676.0,0.731063,116374.58978698266
3677.0,0.6815439999999999,108619.39931332666
3678.0,0.656782,104795.93602894215
3679.0,0.653411,104380.38748205728
3680.0,0.651674,104224.9473922038
3681.0,0.669554,107209.99849676863
3682.0,0.652173,104549.13657595629
3683.0,0.6394310000000001,102626.34019022762
3684.0,0.655261,105289.86237487021
3685.0,0.6325770000000001,101763.55813539178
3686.0,0.593495,95587.73366738767
3687.0,0.559624,90237.53257170801
3688.0,0.570006,92018.60680253865
3689.0,0.6302,101854.3398020765
3690.0,0.694392,112359.63712769886
3691.0,0.749703,121450.39043745141
3692.0,0.745609,120927.31869955092
3693.0,0.679841,110388.49641011185
3694.0,0.650976,105824.00528087388
3695.0,0.702954,114405.9061307104
3696.0,0.746426,121621.4530986048
3697.0,0.728449,118829.4374675912
3698.0,0.718755,117383.43098263974
3699.0,0.7646310000000001,125019.69155864169
3700.0,0.800294,131001.49590450764
3701.0,0.786324,128862.92025433356
3702.0,0.7516470000000001,123321.75073968171
3703.0,0.6832560000000001,112229.7756900201
3704.0,0.592827,97487.98099648448
3705.0,0.537878,88553.33372371749
3706.0,0.534162,88042.3710539191
3707.0,0.562052,92745.40849869259
3708.0,0.5708340000000001,94302.3483611499
3709.0,0.5617300000000001,92904.47269285818
3710.0,0.584543,96787.96794232645
3711.0,0.64998,107745.80752022483
3712.0,0.7169369999999999,118980.67701673241
3713.0,0.770889,128080.17755976225
3714.0,0.791678,131683.95326985224
3715.0,0.760759,126684.99027109153
3716.0,0.729309,121585.83948988828
3717.0,0.728078,121518.4641491193
3718.0,0.695962,116290.00998539415
3719.0,0.598218,100071.04892676279
3720.0,0.502757,84197.41835317698
3721.0,0.47137700000000005,79031.51193851496
3722.0,0.49529799999999996,83136.03524566854
3723.0,0.570317,95836.1733635598
3724.0,0.636273,107040.13161393428
3725.0,0.685484,115448.96279428272
3726.0,0.691126,116530.3628866094
3727.0,0.612083,103319.17290078678
3728.0,0.584259,98733.45437109933
3729.0,0.6367550000000001,107725.66516817604
3730.0,0.637042,107895.26075814544
3731.0,0.6106739999999999,103545.3970619576
3732.0,0.592949,100652.68332369711
3733.0,0.532515,90495.31458399596
3734.0,0.444517,75625.53140438185
3735.0,0.40368200000000004,68755.08924840353
3736.0,0.430237,73359.8115993736
3737.0,0.46135600000000004,78753.74124301434
3738.0,0.521602,89137.08457794396
3739.0,0.5957680000000001,101924.85262317595
3740.0,0.650302,111378.49305956457
3741.0,0.664813,113990.50199719387
3742.0,0.640927,110017.10999082644
3743.0,0.6003029999999999,103158.32181819735
3744.0,0.579969,99774.64992347341
3745.0,0.5506909999999999,94842.86756030713
3746.0,0.514988,88792.16818443361
3747.0,0.511091,88217.80098672069
3748.0,0.456934,78957.15683085858
3749.0,0.39757,68775.10378511625
3750.0,0.456013,78972.17227492051
3751.0,0.585408,101492.58543670065
3752.0,0.658017,114206.5913882032
3753.0,0.6783,117856.58617036272
3754.0,0.719936,125228.59457362445
3755.0,0.767472,133643.9561644814
3756.0,0.752672,131210.71539654493
3757.0,0.635594,110922.50896732569
3758.0,0.494807,86447.34822912647
3759.0,0.46311800000000003,80999.63103950664
3760.0,0.5177430000000001,90652.7008725433
3761.0,0.578171,101343.88360549607
3762.0,0.636041,111609.373688129
3763.0,0.6435420000000001,113048.90780528318
3764.0,0.631447,111045.22542996285
3765.0,0.669792,117916.89864491043
3766.0,0.6607310000000001,116448.387159982
3767.0,0.617325,108916.82126861703
3768.0,0.6493720000000001,114695.54425088492
3769.0,0.701174,123979.61514049314
3770.0,0.6918989999999999,122472.41239054583
3771.0,0.69242,122697.54133113267
3772.0,0.732457,129932.76355461653
3773.0,0.750333,133247.93051016095
3774.0,0.715789,127250.9190641278
3775.0,0.673479,119858.55774506387
3776.0,0.671257,119592.10158661926
3777.0,0.694371,123843.58787752358
3778.0,0.699353,124866.59649327015
3779.0,0.71636,128040.87739230729
3780.0,0.774042,138499.72868598066
3781.0,0.803692,143959.63121106246
3782.0,0.791225,141878.75426257311
3783.0,0.779363,139901.7145604099
3784.0,0.787462,141507.1383321658
3785.0,0.753549,135558.05636533696
3786.0,0.656663,118255.42616027263
3787.0,0.6063930000000001,109319.34210796589
3788.0,0.601875,108620.81008488385
3789.0,0.599694,108342.77214075375
3790.0,0.611777,110643.65066660827
3791.0,0.6403979999999999,115943.40073756869
3792.0,0.645313,116957.69570122413
3793.0,0.61383,111370.05295546657
3794.0,0.586248,106478.81839710553
3795.0,0.589892,107254.49306102771
3796.0,0.60636,110365.7396439386
3797.0,0.587964,107130.91701588265
3798.0,0.549589,100244.85184906879
3799.0,0.556837,101674.41896818235
3800.0,0.622788,113836.89089000986
3801.0,0.6791739999999999,124274.67208739588
3802.0,0.7068760000000001,129480.15280326582
3803.0,0.742983,136237.55635713058
3804.0,0.768266,141022.10506391348
3805.0,0.756486,139006.04772941073
3806.0,0.70049,128852.12082619562
3807.0,0.643517,118496.65666496023
3808.0,0.647321,119322.35641495157
3809.0,0.690013,127325.40355743065
3810.0,0.714332,131951.1467283083
3811.0,0.700815,129589.95484067636
3812.0,0.664321,122970.35585718714
3813.0,0.608549,112764.42585066914
3814.0,0.564656,104740.40078063455
3815.0,0.537959,99892.48085231561
3816.0,0.532816,99040.72942328212
3817.0,0.5760689999999999,107192.31302558539
3818.0,0.591421,110163.58423261374
3819.0,0.521292,97201.76924405569
3820.0,0.422757,78910.59639681951
3821.0,0.41685900000000004,77890.5417578006
3822.0,0.489241,91510.0993270213
3823.0,0.518796,97138.87195374012
3824.0,0.475745,89170.36433795717
3825.0,0.41185900000000003,77275.95081812059
3826.0,0.379954,71363.46403637835
3827.0,0.402961,75762.90873673461
3828.0,0.440406,82888.67390359005
3829.0,0.46447299999999997,87508.53151945819
3830.0,0.46539300000000006,87772.27312164231
3831.0,0.445184,84047.39194255511
3832.0,0.404801,76502.05211040491
3833.0,0.369406,69884.6648516675
3834.0,0.370818,70223.87685791368
3835.0,0.41138900000000006,77987.02309367697
3836.0,0.452651,85897.08885387274
3837.0,0.46893100000000004,89077.6639603955
3838.0,0.45522799999999997,86563.21481473929
3839.0,0.42705,81288.15997604148
3840.0,0.39421300000000004,75114.41459726532
3841.0,0.395428,75422.88894506809
3842.0,0.45600799999999997,87066.52864278284
3843.0,0.506197,96747.77362383652
3844.0,0.516004,98722.6374183486
3845.0,0.497462,95272.04427600189
3846.0,0.4735,90775.17003176251
3847.0,0.468559,89919.21588630963
3848.0,0.45723100000000005,87834.40388520439
3849.0,0.41798900000000005,80377.45141802868
3850.0,0.393875,75817.21165099139
3851.0,0.42554200000000003,81995.7723521452
3852.0,0.471288,90902.25916469088
3853.0,0.48156899999999997,92979.17909440066
3854.0,0.47635299999999997,92065.01037549516
3855.0,0.46976999999999997,90884.35383377312
3856.0,0.452662,87662.86358699804
3857.0,0.436662,84649.50295788317
3858.0,0.395083,76666.27821469707
3859.0,0.338621,65775.8666606524
3860.0,0.33150799999999997,64458.91424339216
3861.0,0.393786,76645.2340179887
3862.0,0.498367,97097.86908049372
3863.0,0.5575220000000001,108732.05583487857
3864.0,0.526457,102776.37424771782
3865.0,0.467125,91284.68612664538
3866.0,0.42423900000000003,82986.88520534703
3867.0,0.385859,75554.64980646814
3868.0,0.340307,66701.67878096398
3869.0,0.294619,57804.22515705048
3870.0,0.248629,48829.60357932513
3871.0,0.225769,44384.15324503592
3872.0,0.253656,49916.09649140334
3873.0,0.32626,64267.40833114631
3874.0,0.41735500000000003,82293.15019713507
3875.0,0.47643100000000005,94034.84730941296
3876.0,0.468909,92641.96508687464
3877.0,0.40875500000000003,80837.38953673381
3878.0,0.34120500000000004,67545.16010638351
3879.0,0.32224899999999995,63855.70556779403
3880.0,0.30828099999999997,61148.21787409039
3881.0,0.25455,50540.40262046221
3882.0,0.23456799999999997,46618.95636904578
3883.0,0.340248,67688.85767943603
3884.0,0.502727,100110.87847905711
3885.0,0.555471,110722.92402319337
3886.0,0.52967,105683.76157929336
3887.0,0.550357,109919.24827104124
3888.0,0.572118,114377.57170733955
3889.0,0.536443,107350.60238108876
3890.0,0.5355880000000001,107284.50999951042
3891.0,0.593659,119033.21380175898
3892.0,0.6351220000000001,127471.41814062586
3893.0,0.614687,123490.59577582942
3894.0,0.569607,114545.75817835784
3895.0,0.533507,107390.85271846136
3896.0,0.560545,112943.37650628928
3897.0,0.5992529999999999,120860.18545011705
3898.0,0.581079,117308.80635329419
3899.0,0.573274,115845.64645357795
3900.0,0.5878909999999999,118914.81412962698
3901.0,0.589771,119410.87554941357
3902.0,0.564231,114350.5804247298
3903.0,0.562304,114070.46337658979
3904.0,0.585076,118804.95707461228
3905.0,0.5515800000000001,112111.6325265631
3906.0,0.5050060000000001,102744.41769907821
3907.0,0.526172,107154.0536163297
3908.0,0.575742,117362.02689117454
3909.0,0.5971850000000001,121850.42313976807
3910.0,0.578112,118072.3592742435
3911.0,0.593141,121258.4332631294
3912.0,0.637576,130467.80733997755
3913.0,0.616496,126275.3865195087
3914.0,0.558643,114535.33506333771
3915.0,0.534659,109723.16914813258
3916.0,0.528664,108596.83710383055
3917.0,0.538293,110680.67406164204
3918.0,0.537758,110676.44833319259
3919.0,0.507023,104450.5936161935
3920.0,0.45626400000000006,94083.62032603518
3921.0,0.417649,86203.21745786136
3922.0,0.42285,87359.91957295894
3923.0,0.43870600000000004,90722.07474558856
3924.0,0.439817,91038.39004281526
3925.0,0.41258900000000004,85483.64033708432
3926.0,0.370476,76831.24977517899
3927.0,0.31914699999999996,66249.20789037786
3928.0,0.25858600000000004,53728.743766841406
3929.0,0.20884899999999998,43435.565793617396
3930.0,0.164088,34158.67053769335
3931.0,0.120393,25086.269299979853
3932.0,0.0773682,16136.438725153073
3933.0,0.0419127,8749.854815642242
3934.0,0.0356599,7451.522009034145
3935.0,0.0648128,13556.106211646344
3936.0,0.11551199999999999,24183.003892624416
3937.0,0.172773,36204.92337594853
3938.0,0.229339,48103.640101399724
3939.0,0.281438,59086.82918066856
3940.0,0.316104,66427.13404641686
3941.0,0.333406,70128.760671897
3942.0,0.354908,74721.47299146169
3943.0,0.375258,79079.90380384338
3944.0,0.394685,83251.67607310892
3945.0,0.448205,94629.14321444658
3946.0,0.510243,107827.80583467608
3947.0,0.515798,109103.45998464862
3948.0,0.49297399999999997,104372.88721284793
3949.0,0.5069279999999999,107427.243332294
3950.0,0.545293,115665.06319564635
3951.0,0.551968,117189.83945636493
3952.0,0.511681,108737.36095680963
3953.0,0.512265,108962.55494250605
3954.0,0.58175,123857.33736009437
3955.0,0.601711,128225.88642192067
3956.0,0.545754,116409.05297923458
3957.0,0.509748,108829.61360492966
3958.0,0.5290739999999999,113060.09948548097
3959.0,0.55848,119454.25231581248
3960.0,0.541825,115998.86345741135
3961.0,0.468396,100370.99669445948
3962.0,0.38942,83524.39453950214
3963.0,0.335348,71993.03610022087
3964.0,0.291396,62614.901203571484
3965.0,0.238456,51286.30069959109
3966.0,0.171466,36912.18922569328
3967.0,0.10325799999999999,22249.170509051277
3968.0,0.057298699999999994,12357.564166001981
3969.0,0.05944,12831.119751550747
3970.0,0.10963900000000001,23689.076885033686
3971.0,0.176776,38229.91665185704
3972.0,0.23984299999999997,51916.30030027045
3973.0,0.297247,64400.68264929001
3974.0,0.35747399999999996,77519.93801486588
3975.0,0.428123,92925.12342401048
3976.0,0.487778,105969.79372494947
3977.0,0.529451,115127.90748463747
3978.0,0.571746,124437.87773639464
3979.0,0.616229,134241.2169826567
3980.0,0.649269,141567.110585674
3981.0,0.627117,136861.05778735562
3982.0,0.571697,124879.3171279787
3983.0,0.579681,126737.93229053773
3984.0,0.645461,141247.30616002917
3985.0,0.6891430000000001,150942.59038018246
3986.0,0.681845,149478.95704188306
3987.0,0.679353,149067.00048837293
3988.0,0.713785,156763.4150849682
3989.0,0.721426,158584.2455406888
3990.0,0.708001,155773.1997080218
3991.0,0.731634,161117.61958312854
3992.0,0.7656189999999999,168753.1219518135
3993.0,0.761031,167892.41892470498
3994.0,0.712629,157355.3540157502
3995.0,0.6776409999999999,149763.73787317786
3996.0,0.678543,150097.342814466
3997.0,0.670466,148443.3312179302
3998.0,0.661991,146697.9318035795
3999.0,0.697046,154604.09369916818
4000.0,0.733671,162872.67063395708
4001.0,0.747394,166067.0448629666
4002.0,0.781678,173839.4730120571
4003.0,0.808239,179906.41074350654
4004.0,0.7740779999999999,172455.70344030324
4005.0,0.697928,155628.5002595649
4006.0,0.671892,149955.8199568934
4007.0,0.717871,160359.71783787917
4008.0,0.768388,171796.43172575015
4009.0,0.783003,175219.06396230415
4010.0,0.79494,178047.67981736717
4011.0,0.793786,177946.36270483767
4012.0,0.766861,172062.2977009667
4013.0,0.76402,171576.1248015664
4014.0,0.7766569999999999,174567.79392332217
4015.0,0.791371,178031.72691519168
4016.0,0.7928149999999999,178513.56256861365
4017.0,0.7646069999999999,172313.5341030936
4018.0,0.751743,169563.33507684796
4019.0,0.759462,171454.8280237665
4020.0,0.7488670000000001,169211.2185733998
4021.0,0.74422,168308.5827788722
4022.0,0.767943,173825.7273403694
4023.0,0.774181,175391.0379442286
4024.0,0.736799,167068.05443780776
4025.0,0.72132,163701.07710729726
4026.0,0.761149,172890.8851090866
4027.0,0.802968,182548.88576407428
4028.0,0.8242729999999999,187555.68523329272
4029.0,0.807879,183985.40257054663
4030.0,0.7359680000000001,167754.25634937562
4031.0,0.6796800000000001,155058.77731512339
4032.0,0.6725180000000001,153558.09106138648
4033.0,0.672046,153583.44317338485
4034.0,0.683722,156387.21339675426
4035.0,0.721271,165118.64874007908
4036.0,0.776532,177923.2328142843
4037.0,0.8243,189031.39244898982
4038.0,0.8530209999999999,195786.7817351131
4039.0,0.847259,194632.12677810638
4040.0,0.796136,183045.8868427062
4041.0,0.7561260000000001,173996.67152067405
4042.0,0.765324,176264.90055988458
4043.0,0.763476,175990.53792459072
4044.0,0.714218,164777.46797038414
4045.0,0.644709,148868.75434070211
4046.0,0.6399279999999999,147891.56536703784
4047.0,0.716486,165726.57548136584
4048.0,0.761918,176386.16591523727
4049.0,0.76804,177955.59561049566
4050.0,0.79257,183796.25020691194
4051.0,0.8255100000000001,191598.56323908948
4052.0,0.827946,192327.99283381217
4053.0,0.8006489999999999,186145.66008551748
4054.0,0.766766,178420.00415745444
4055.0,0.752574,175266.7535809938
4056.0,0.7654310000000001,178412.6729134583
4057.0,0.761857,177730.56496477517
4058.0,0.7451,173969.01954835546
4059.0,0.76262,178210.7604204273
4060.0,0.813013,190147.79345421883
4061.0,0.844199,197608.84887065183
4062.0,0.801673,187813.26143644133
4063.0,0.709208,166291.3862701457
4064.0,0.676763,158817.93815634114
4065.0,0.707158,166090.92838733713
4066.0,0.704232,165543.2225190245
4067.0,0.704046,165638.98862938085
4068.0,0.763458,179767.94720406953
4069.0,0.8205690000000001,193378.1844720991
4070.0,0.815034,192235.2613281571
4071.0,0.763914,180329.35907752308
4072.0,0.7522,177713.1778226836
4073.0,0.782507,185028.4708232355
4074.0,0.776327,183720.97203211844
4075.0,0.7336010000000001,173755.02163210808
4076.0,0.684226,162195.99302954538
4077.0,0.646155,153299.2558652248
4078.0,0.6568149999999999,155958.43956006688
4079.0,0.713583,169579.16300384616
4080.0,0.778562,185175.30175485232
4081.0,0.82305,195919.4874450112
4082.0,0.810492,193090.71940763752
4083.0,0.756732,180432.89286214783
4084.0,0.720201,171865.20913996673
4085.0,0.731927,174808.42129551602
4086.0,0.783,187161.43671992034
4087.0,0.843485,201786.30691254267
4088.0,0.8916870000000001,213494.24747423947
4089.0,0.9047950000000001,216811.86418649514
4090.0,0.890394,213537.36557103207
4091.0,0.8620620000000001,206913.4188394911
4092.0,0.8301799999999999,199425.46632731726
4093.0,0.8375670000000001,201365.84001634232
4094.0,0.85557,205863.51066767736
4095.0,0.817591,196887.07709298856
4096.0,0.776944,187252.57817774726
4097.0,0.790423,190657.69308249143
4098.0,0.81361,196411.72762957166
4099.0,0.804994,194491.15327464038
4100.0,0.758558,183422.14543152298
4101.0,0.700851,169607.143144904
4102.0,0.689964,167109.07550373313
4103.0,0.728009,176467.69600290892
4104.0,0.765153,185622.79725131227
4105.0,0.788184,191366.05384890776
4106.0,0.798966,194142.0197413523
4107.0,0.7960229999999999,193584.4723129196
4108.0,0.790903,192495.89950061456
4109.0,0.763343,185939.23683384559
4110.0,0.73564,179336.79721050797
4111.0,0.7462260000000001,182065.18533703795
4112.0,0.7721720000000001,188548.35084575892
4113.0,0.799871,195470.17358489163
4114.0,0.813524,198967.65277834158
4115.0,0.813426,199104.6567888231
4116.0,0.819994,200874.5907115227
4117.0,0.812655,199237.55627468065
4118.0,0.766476,188067.57364567794
4119.0,0.731855,179717.54347532024
4120.0,0.747138,183618.32698580355
4121.0,0.758684,186605.99831461904
4122.0,0.7499680000000001,184610.57904832176
4123.0,0.745268,183601.06908741058
4124.0,0.7673439999999999,189191.41136286955
4125.0,0.7989,197129.68325875403
4126.0,0.797966,197057.05213182134
4127.0,0.763566,188713.0232626983
4128.0,0.735911,182023.71979730087
4129.0,0.744117,184200.59228077927
4130.0,0.753265,186614.07420810984
4131.0,0.739186,183272.31015215264
4132.0,0.70439,174784.34203707072
4133.0,0.677723,168301.3088580112
4134.0,0.667625,165925.63654802367
4135.0,0.707685,176021.7079842186
4136.0,0.766741,190862.22069447575
4137.0,0.780195,194365.50919156848
4138.0,0.7874369999999999,196325.32009613686
4139.0,0.798196,199165.5454460945
4140.0,0.791813,197729.3616794548
4141.0,0.764962,191175.3877972275
4142.0,0.699427,174935.43960477738
4143.0,0.631811,158148.6859202482
4144.0,0.6382140000000001,159877.5327320033
4145.0,0.706105,177024.27000072342
4146.0,0.7586189999999999,190339.69300048804
4147.0,0.772204,193900.7676554926
4148.0,0.753026,189233.92399355245
4149.0,0.709542,178446.64332438307
4150.0,0.690505,173795.31480453056
4151.0,0.7175229999999999,180737.27717746564
4152.0,0.7339359999999999,185016.50856186418
4153.0,0.728912,183893.96766814444
4154.0,0.711073,179533.86276133437
4155.0,0.7061689999999999,178435.12513032104
4156.0,0.706136,178566.2096351344
4157.0,0.715928,181183.73678095918
4158.0,0.749247,189763.8689472979
4159.0,0.778766,197393.95890141997
4160.0,0.786464,199500.41161903506
4161.0,0.7702289999999999,195534.14223686932
4162.0,0.765005,194358.9332266449
4163.0,0.766651,194928.41489795287
4164.0,0.7545930000000001,192011.4564449038
4165.0,0.755541,192401.76190367137
4166.0,0.758542,193315.640453695
4167.0,0.739807,188686.94915157912
4168.0,0.742833,189605.26609382496
4169.0,0.766038,195679.3579760029
4170.0,0.765281,195636.9309916257
4171.0,0.726679,185912.00913617385
4172.0,0.655896,167932.38501943287
4173.0,0.614715,157509.82135121094
4174.0,0.632764,162259.32356698427
4175.0,0.677611,173893.01275823047
4176.0,0.711164,182643.80675916464
4177.0,0.7008340000000001,180128.97078244807
4178.0,0.685994,176449.99757132682
4179.0,0.710036,182773.9761710829
4180.0,0.722581,186145.65245034872
4181.0,0.709759,182982.41441287182
4182.0,0.714313,184297.22787062748
4183.0,0.7339439999999999,189506.75458197657
4184.0,0.744294,192325.7906610782
4185.0,0.743286,192211.74360419388
4186.0,0.712358,184354.16203792984
4187.0,0.66873,173195.1959516716
4188.0,0.667704,173060.96686004708
4189.0,0.691196,179285.92484983563
4190.0,0.701766,182165.80365092217
4191.0,0.697389,181166.91733819732
4192.0,0.7093149999999999,184404.67893485966
4193.0,0.740583,192679.3805647855
4194.0,0.7333310000000001,190936.94864739978
4195.0,0.68103,177453.40139901455
4196.0,0.643842,167890.16679312947
4197.0,0.642305,167615.76071962947
4198.0,0.6406810000000001,167318.0168546982
4199.0,0.649755,169815.57861966983
4200.0,0.678103,177357.8117636199
4201.0,0.684048,179047.27364113522
4202.0,0.6825220000000001,178782.08201265897
4203.0,0.688399,180456.89888237743
4204.0,0.6834060000000001,179282.41438007052
4205.0,0.6825,179178.92594944438
4206.0,0.699507,183781.34669356115
4207.0,0.727418,191257.3891268426
4208.0,0.760929,200217.87764298831
4209.0,0.76037,200220.22861379906
4210.0,0.729591,192258.89103337665
4211.0,0.711815,187714.49536716726
4212.0,0.709548,187256.06332713884
4213.0,0.7013729999999999,185236.39089971312
4214.0,0.674914,178380.99737152306
4215.0,0.622726,164709.92068657326
4216.0,0.610223,161522.73722581012
4217.0,0.673596,178429.4972350935
4218.0,0.736693,195287.9652083131
4219.0,0.7790199999999999,206661.2516872751
4220.0,0.817338,216986.8302008038
4221.0,0.8206030000000001,218014.68535353965
4222.0,0.772576,205406.67411027546
4223.0,0.719661,191479.25214829968
4224.0,0.688046,183202.49028449974
4225.0,0.643633,171503.13859406664
4226.0,0.5620470000000001,149873.89767160174
4227.0,0.543401,145008.38886234636
4228.0,0.660751,176453.2156021253
4229.0,0.7645649999999999,204326.6165015995
4230.0,0.777331,207890.6842420248
4231.0,0.763038,204217.73115119027
4232.0,0.731884,196023.21197611437
4233.0,0.709596,190192.8139240892
4234.0,0.729748,195737.16098403183
4235.0,0.716014,192193.6529524018
4236.0,0.648992,174330.65269811134
4237.0,0.638232,171565.35905139227
4238.0,0.689715,185539.7832606522
4239.0,0.7334,197435.09602255907
4240.0,0.7635350000000001,205697.11749315474
4241.0,0.778513,209884.64277049704
4242.0,0.729863,196911.6492415706
4243.0,0.691825,186784.7059578829
4244.0,0.739278,199741.16317620486
4245.0,0.782455,211560.0325082147
4246.0,0.758057,205111.6423088072
4247.0,0.6875180000000001,186160.03383495656
4248.0,0.629145,170477.38882743995
4249.0,0.6135609999999999,166374.65710934627
4250.0,0.6411439999999999,173979.5220892878
4251.0,0.706072,191736.3245151931
4252.0,0.7554069999999999,205281.11781556898
4253.0,0.736142,200189.78801486775
4254.0,0.682297,185680.3055966135
4255.0,0.661702,180204.90970712565
4256.0,0.715739,195060.9700200482
4257.0,0.774983,211358.21529793847
4258.0,0.73703,201151.4266653567
4259.0,0.678296,185254.14605134717
4260.0,0.658525,179982.96887667722
4261.0,0.659077,180262.54556446828
4262.0,0.69748,190902.24545356267
4263.0,0.7462409999999999,204393.95827375003
4264.0,0.758682,207949.62142118564
4265.0,0.777134,213158.86811030013
4266.0,0.786291,215823.97060888726
4267.0,0.736911,202413.75766075827
4268.0,0.705476,193916.86564577406
4269.0,0.711436,195693.889238508
4270.0,0.679103,186932.53739343767
4271.0,0.630849,173772.97381216128
4272.0,0.629598,173551.13329401944
4273.0,0.6335689999999999,174769.269586621
4274.0,0.592278,163494.64341723465
4275.0,0.597817,165140.16023504612
4276.0,0.682404,188639.33494459267
4277.0,0.757532,209554.8257798292
4278.0,0.769401,212988.01156454394
4279.0,0.698915,193611.98707186294
4280.0,0.6072890000000001,168348.21001629575
4281.0,0.61274,169978.60765594212
4282.0,0.6726489999999999,186728.76404811733
4283.0,0.7183729999999999,199561.67896882645
4284.0,0.711903,197902.89056287322
4285.0,0.62936,175079.12128689486
4286.0,0.573541,159662.6515364502
4287.0,0.6001569999999999,167188.78121209244
4288.0,0.618075,172300.50966176888
4289.0,0.5679270000000001,158431.2214138676
4290.0,0.526374,146941.77940022017
4291.0,0.5547340000000001,154966.56362920612
4292.0,0.629948,176100.26662342015
4293.0,0.689002,192742.56346898447
4294.0,0.675438,189079.40058002833
4295.0,0.6351140000000001,177914.65929425936
4296.0,0.6008680000000001,168438.04267159753
4297.0,0.552534,154996.1546144329
4298.0,0.500991,140634.66704140833
4299.0,0.430125,120825.17780667583
4300.0,0.39268400000000003,110383.96730116049
4301.0,0.42212299999999997,118741.24215377231
4302.0,0.438896,123544.58572413966
4303.0,0.42774799999999996,120489.54075519548
4304.0,0.435205,122674.4865019439
4305.0,0.452817,127726.74686366106
4306.0,0.468156,132144.23521243347
4307.0,0.447646,126441.7741813682
4308.0,0.389784,110173.68380432518
4309.0,0.361686,102301.80503465497
4310.0,0.36389,102995.72512812287
4311.0,0.37623,106561.35332024284
4312.0,0.40779499999999996,115580.66089196074
4313.0,0.47025500000000003,133374.68812427516
4314.0,0.547241,155315.60303611492
4315.0,0.663337,188393.92423799803
4316.0,0.806074,229088.63309303805
4317.0,0.8757450000000001,249058.8615286314
4318.0,0.876174,249350.4435962544
4319.0,0.8691190000000001,247510.84141409068
4320.0,0.849416,242064.0893468325
4321.0,0.811431,231396.19747726183
4322.0,0.756901,215992.23739488542
4323.0,0.640694,182954.8433203136
4324.0,0.553869,158268.41409037908
4325.0,0.556752,159199.85382050587
4326.0,0.623486,178402.53462346608
4327.0,0.7255689999999999,207752.4803628666
4328.0,0.790712,226557.66575926248
4329.0,0.792441,227206.13377773928
4330.0,0.76712,220094.32872134808
4331.0,0.773279,222010.7195360678
4332.0,0.8009970000000001,230123.27678134336
4333.0,0.8026399999999999,230750.22913699318
4334.0,0.801806,230665.1985680978
4335.0,0.830802,239167.1287551046
4336.0,0.8223969999999999,236906.18935036325
4337.0,0.724241,208770.28349543593
4338.0,0.643142,185516.64476286538
4339.0,0.631898,182395.10407625165
4340.0,0.640744,185071.98457277525
4341.0,0.677863,195924.05155145898
4342.0,0.736316,212960.71838179437
4343.0,0.748929,216752.9948877971
4344.0,0.7452979999999999,215845.68005784802
4345.0,0.79023,229010.61704284512
4346.0,0.812469,235611.97212778783
4347.0,0.786412,228206.96285157386
4348.0,0.7905399999999999,229557.01342444218
4349.0,0.8305799999999999,241343.66093776832
4350.0,0.7984829999999999,232170.78256522087
4351.0,0.681805,198376.07371568907
4352.0,0.608692,177220.38431458728
4353.0,0.649517,189231.454796584
4354.0,0.7079439999999999,206389.78134428762
4355.0,0.712009,207711.7205605244
4356.0,0.72165,210662.9322188577
4357.0,0.752989,219956.03613596814
4358.0,0.736135,215174.21072222388
4359.0,0.689762,201751.73140976386
4360.0,0.709708,207722.1054887157
4361.0,0.776509,227422.9424144193
4362.0,0.786636,230539.90999450703
4363.0,0.751252,220314.06298426914
4364.0,0.76807,225393.51381999342
4365.0,0.809891,237821.42350598206
4366.0,0.780317,229286.7805195221
4367.0,0.721148,212038.9545108471
4368.0,0.7229770000000001,212715.3311736433
4369.0,0.7455069999999999,219487.0259216837
4370.0,0.72396,213282.0341640502
4371.0,0.702213,207009.79736833548
4372.0,0.710288,209526.32826924458
4373.0,0.699162,206378.18510660215
4374.0,0.6460060000000001,190811.3176970442
4375.0,0.617557,182526.52777897078
4376.0,0.662507,195938.84233329474
4377.0,0.730059,216057.28148763886
4378.0,0.762917,225927.38785255092
4379.0,0.764614,226576.17147483586
4380.0,0.765191,226893.47197048628
4381.0,0.769478,228311.75560088162
4382.0,0.724989,215250.00067797513
4383.0,0.631586,187639.2451020692
4384.0,0.580486,172568.74095151958
4385.0,0.60551,180123.6168203795
4386.0,0.67493,200903.17043675517
4387.0,0.718428,213988.181223424
4388.0,0.727266,216759.46092186053
4389.0,0.7070890000000001,210880.71242696847
4390.0,0.680279,203014.75634390165
4391.0,0.693422,207069.28400689227
4392.0,0.738183,220576.57578189552
4393.0,0.7543449999999999,225549.78345836845
4394.0,0.717356,214626.79622628633
4395.0,0.686843,205628.47544519178
4396.0,0.719464,215531.71311699328
4397.0,0.767074,229940.50022549598
4398.0,0.762915,228839.09528141542
4399.0,0.724067,217324.37773775982
4400.0,0.690702,207441.56909969036
4401.0,0.719712,216291.25842239222
4402.0,0.79483,239017.32745168015
4403.0,0.812783,244570.69754075675
4404.0,0.752512,226577.96918599049
4405.0,0.721242,217299.86794026528
4406.0,0.757229,228286.1999648359
4407.0,0.755355,227864.8102644749
4408.0,0.709875,214279.94738293192
4409.0,0.717437,216698.88725141957
4410.0,0.780774,235977.87159893464
4411.0,0.828111,250442.06833714983
4412.0,0.847734,256537.51692100952
4413.0,0.8497899999999999,257320.9958681319
4414.0,0.810886,245694.53563150522
4415.0,0.753972,228592.91569372008
4416.0,0.74485,225968.54602274418
4417.0,0.761668,231215.13833040014
4418.0,0.789798,239904.13720127498
4419.0,0.8434860000000001,256371.94947506353
4420.0,0.870516,264752.50078886683
4421.0,0.8427209999999999,256458.78631559483
4422.0,0.810248,246729.9974388737
4423.0,0.822734,250687.92713977213
4424.0,0.852883,260035.826582176
4425.0,0.85135,259729.56762212084
4426.0,0.82562,252036.09831333716
4427.0,0.801082,244696.96077093837
4428.0,0.813574,248666.61933864243
4429.0,0.8316049999999999,254334.99257779404
4430.0,0.819307,250728.70314001315
4431.0,0.83291,255048.9842988675
4432.0,0.863433,264558.7118600251
4433.0,0.853159,261571.89094651947
4434.0,0.800611,245612.28694640924
4435.0,0.753695,231361.65407845768
4436.0,0.782776,240436.40622126157
4437.0,0.8601030000000001,264350.37977280334
4438.0,0.9076790000000001,279143.99131026835
4439.0,0.913758,281185.86074403586
4440.0,0.8899540000000001,274028.60920270847
4441.0,0.8421780000000001,259476.52360539912
4442.0,0.7827149999999999,241303.39786623215
4443.0,0.74603,230134.34961391182
4444.0,0.7594380000000001,234413.5016023324
4445.0,0.8164,252149.55723741365
4446.0,0.8555389999999999,264398.9419331885
4447.0,0.8514520000000001,263296.1628772549
4448.0,0.849578,262876.5513404928
4449.0,0.84434,261414.67147069835
4450.0,0.820564,254207.77452648297
4451.0,0.825357,255847.84049634179
4452.0,0.8531920000000001,264636.6629649836
4453.0,0.849109,263529.825266732
4454.0,0.80557,250168.41692498696
4455.0,0.772805,240138.48054244134
4456.0,0.790429,245763.34714395826
4457.0,0.8173729999999999,254294.35599965684
4458.0,0.8161390000000001,254063.64509989016
4459.0,0.797099,248286.09095905378
4460.0,0.7850520000000001,244680.8939678283
4461.0,0.7714529999999999,240587.12823699982
4462.0,0.778999,243086.51773120294
4463.0,0.8245020000000001,257440.2901941804
4464.0,0.845744,264231.34397399664
4465.0,0.844492,263998.4204873069
4466.0,0.8477629999999999,265179.7777814063
4467.0,0.845325,264575.47717987315
4468.0,0.8220209999999999,257435.53455873483
4469.0,0.795851,249388.73322578223
4470.0,0.802504,251623.68966197182
4471.0,0.8261360000000001,259188.00665332208
4472.0,0.861399,270412.3529354889
4473.0,0.898119,282107.50112844596
4474.0,0.922366,289896.11696151225
4475.0,0.918665,288904.5770313136
4476.0,0.91032,286450.28071599436
4477.0,0.9276110000000001,292064.48559199955
4478.0,0.9386549999999999,295717.02543356194
4479.0,0.922276,290729.0881541075
4480.0,0.8979159999999999,283217.64967018267
4481.0,0.8656799999999999,273211.38382748177
4482.0,0.837779,264561.9956101714
4483.0,0.8607540000000001,271977.7622990895
4484.0,0.901515,285025.31940983207
4485.0,0.92194,291654.7523421501
4486.0,0.9240950000000001,292508.6503015332
4487.0,0.910968,288523.1652340854
4488.0,0.881242,279272.3925293332
4489.0,0.8414790000000001,266827.8342929479
4490.0,0.838252,265960.57155546604
4491.0,0.88195,279989.1573440725
4492.0,0.916557,291146.18032032123
4493.0,0.906424,288095.9568004827
4494.0,0.8661190000000001,275446.5023518869
4495.0,0.8380190000000001,266665.7692051602
4496.0,0.83124,264663.05941985676
4497.0,0.85139,271236.8609447683
4498.0,0.892704,284564.48429766885
4499.0,0.9135629999999999,291383.226981053
4500.0,0.8977040000000001,286491.55150608433
4501.0,0.86769,277073.9173101986
4502.0,0.8844790000000001,282599.086348268
4503.0,0.937441,299694.7448918888
4504.0,0.965332,308790.28245246655
4505.0,0.9620129999999999,307906.8725062175
4506.0,0.9470879999999999,303305.35459867725
4507.0,0.935631,299809.52773430955
4508.0,0.9329370000000001,299119.00766576215
4509.0,0.943356,302634.1678085742
4510.0,0.954992,306543.7796920508
4511.0,0.945973,303823.75702482404
4512.0,0.9223809999999999,296417.15511058003
4513.0,0.909265,292370.29187798785
4514.0,0.906892,291774.8818748079
4515.0,0.9036290000000001,290892.04098529404
4516.0,0.9073129999999999,292245.5745095942
4517.0,0.8932950000000001,287895.3352433368
4518.0,0.868582,280091.0612716095
4519.0,0.8810899999999999,284287.1172263363
4520.0,0.905344,292279.8009025492
4521.0,0.904314,292114.0739958552
4522.0,0.8575280000000001,277159.2476691032
4523.0,0.8294219999999999,268228.07740585896
4524.0,0.8515299999999999,275534.53860830754
4525.0,0.862606,279277.37872051087
4526.0,0.8581629999999999,277996.9608997974
4527.0,0.8356809999999999,270867.90793383744
4528.0,0.8129970000000001,263665.02027002844
4529.0,0.8215040000000001,266575.10614692094
4530.0,0.847173,275060.44101818773
4531.0,0.8554940000000001,277919.4256738097
4532.0,0.856326,278347.1373198594
4533.0,0.816009,265392.14042128733
4534.0,0.760308,247416.08745755607
4535.0,0.744246,242325.95726769048
4536.0,0.787967,256706.16438474043
4537.0,0.883448,287974.4034583769
4538.0,0.9414020000000001,307038.21088637284
4539.0,0.939644,306637.2118315686
4540.0,0.9165409999999999,299266.01421652513
4541.0,0.902133,294726.94991204265
4542.0,0.9097540000000001,297383.46653489943
4543.0,0.908899,297270.5080838886
4544.0,0.8691260000000001,284421.278436053
4545.0,0.841619,275573.72341824067
4546.0,0.8632059999999999,282800.0244918875
4547.0,0.8857430000000001,290345.5869351258
4548.0,0.861332,282501.2541643339
4549.0,0.807108,264864.3676425095
4550.0,0.814605,267473.5436151189
4551.0,0.8698469999999999,285771.0925714297
4552.0,0.875441,287768.8375210631
4553.0,0.8571540000000001,281914.2189009712
4554.0,0.842217,277155.28388915915
4555.0,0.832865,274229.7678260471
4556.0,0.854613,281546.4748088861
4557.0,0.905651,298525.8032885673
4558.0,0.930679,306945.3901074194
4559.0,0.929326,306668.5750989999
4560.0,0.9252030000000001,305476.63483493566
4561.0,0.920426,304067.086151738
4562.0,0.903848,298755.0780084932
4563.0,0.8744430000000001,289194.84787241503
4564.0,0.86759,287086.33879384224
4565.0,0.885882,293300.36369365104
4566.0,0.9084209999999999,300927.87341816333
4567.0,0.932939,309219.46048966947
4568.0,0.9458280000000001,313663.40113159816
4569.0,0.947369,314346.5901300536
4570.0,0.918185,304829.8369120017
4571.0,0.85472,283915.194193097
4572.0,0.8418399999999999,279789.6259790201
4573.0,0.8998209999999999,299223.19051790575
4574.0,0.9379930000000001,312086.936374402
4575.0,0.9360719999999999,311617.54972358
4576.0,0.9238959999999999,307731.6709466396
4577.0,0.9148459999999999,304883.0987988548
4578.0,0.9119809999999999,304093.5361340576
4579.0,0.894164,298314.53550505405
4580.0,0.864399,288540.7260240642
4581.0,0.862259,287982.4518484516
4582.0,0.874238,292141.4546747536
4583.0,0.863492,288706.6845364318
4584.0,0.8621790000000001,288423.5844492694
4585.0,0.8833719999999999,295672.9278036206
4586.0,0.898711,300969.4314780821
4587.0,0.919169,307986.6505824184
4588.0,0.933514,312961.81242548797
4589.0,0.925484,310436.80997111235
4590.0,0.9105629999999999,305596.14834024035
4591.0,0.897802,301475.35934457404
4592.0,0.878497,295151.30489024724
4593.0,0.8742049999999999,293866.90501683723
4594.0,0.891072,299697.38563280494
4595.0,0.912416,307040.46181830304
4596.0,0.927062,312135.9963677911
4597.0,0.928478,312779.9081417184
4598.0,0.926791,312378.394903571
4599.0,0.9284819999999999,313115.39298558235
4600.0,0.909717,306950.81143836613
4601.0,0.8854040000000001,298906.4578202579
4602.0,0.877366,296350.5648844784
4603.0,0.8863770000000001,299553.48435116076
4604.0,0.912529,308555.5117346807
4605.0,0.9255760000000001,313133.2983851351
4606.0,0.922982,312421.3694086128
4607.0,0.9221950000000001,312320.4301752703
4608.0,0.937422,317645.49608289625
4609.0,0.955528,323952.03015147976
4610.0,0.950844,322534.4326777788
4611.0,0.9284450000000001,315102.84352597716
4612.0,0.9179069999999999,311690.77384554764
4613.0,0.917065,311569.04868198815
4614.0,0.928242,315532.5214213024
4615.0,0.9331799999999999,317378.0287417995
4616.0,0.915581,311556.2948965489
4617.0,0.915241,311604.23275721446
4618.0,0.9261950000000001,315499.18106364633
4619.0,0.9247920000000001,315186.48809007485
4620.0,0.930581,317325.6887595543
4621.0,0.945908,322721.0340657205
4622.0,0.952206,325039.70260757237
4623.0,0.9521370000000001,325186.0191560702
4624.0,0.949991,324622.51668869925
4625.0,0.9361879999999999,320072.78350964474
4626.0,0.9277989999999999,317370.02432990127
4627.0,0.9337790000000001,319581.94650054583
4628.0,0.9242790000000001,316495.21762628306
4629.0,0.902099,309060.8542724137
4630.0,0.912113,312653.9931914258
4631.0,0.9439290000000001,323727.8031603358
4632.0,0.943541,323762.5311463339
4633.0,0.926291,318008.11020071176
4634.0,0.9332389999999999,320559.29557904805
4635.0,0.938952,322688.45910412946
4636.0,0.925435,318207.4267577982
4637.0,0.913773,314359.6992613925
4638.0,0.914975,314935.5787118459
4639.0,0.922629,317733.7568828889
4640.0,0.9375450000000001,323036.7560667833
4641.0,0.961192,331354.8495807525
4642.0,0.9690290000000001,334228.228298501
4643.0,0.9628260000000001,332259.29142100504
4644.0,0.956406,330213.1725964277
4645.0,0.9359540000000001,323317.48152675317
4646.0,0.9048799999999999,312743.33057237224
4647.0,0.8979010000000001,310490.06776017015
4648.0,0.912709,315771.975301437
4649.0,0.9325180000000001,322790.1494937849
4650.0,0.9397040000000001,325443.59478403575
4651.0,0.919956,318766.8256014874
4652.0,0.9044639999999999,313558.48717689776
4653.0,0.906285,314349.7257793254
4654.0,0.890402,308997.6986991156
4655.0,0.873282,303210.51401740545
4656.0,0.866935,301159.60604990646
4657.0,0.880116,305893.5653659129
4658.0,0.9295700000000001,323245.56278599513
4659.0,0.971366,337950.60210236313
4660.0,0.982714,342071.68711020204
4661.0,0.973356,338985.5323572378
4662.0,0.95165,331593.47646652354
4663.0,0.9409190000000001,328019.788478439
4664.0,0.9518559999999999,331999.89355374203
4665.0,0.9585629999999999,334507.6450926559
4666.0,0.9305950000000001,324911.1402264393
4667.0,0.872592,304812.9561450108
4668.0,0.8493879999999999,296856.4111496333
4669.0,0.872426,305061.1022147665
4670.0,0.895339,313230.0852729495
4671.0,0.9253629999999999,323896.0383931797
4672.0,0.9451639999999999,330992.40190499084
4673.0,0.939493,329170.9924826548
4674.0,0.9381889999999999,328878.3681117101
4675.0,0.947305,332239.7368111832
4676.0,0.960684,337100.1014011374
4677.0,0.9645870000000001,338638.33471714787
4678.0,0.950026,333692.4688199549
4679.0,0.9255540000000001,325258.52174889075
4680.0,0.907651,319125.58895397215
4681.0,0.894026,314491.2120962546
4682.0,0.890741,313491.12050087313
4683.0,0.91858,323449.16339962825
4684.0,0.948572,334175.34350242506
4685.0,0.9565879999999999,337166.09499195317
4686.0,0.951569,335562.8916431911
4687.0,0.9457620000000001,333679.8556849449
4688.0,0.9546889999999999,336995.68748387723
4689.0,0.963417,340244.28297112056
4690.0,0.9487559999999999,335231.62623379775
4691.0,0.930743,329028.831475485
4692.0,0.9399649999999999,332452.34312966355
4693.0,0.9575450000000001,338836.55565470667
4694.0,0.9659190000000001,341967.5805587357
4695.0,0.975045,345367.8119168427
4696.0,0.978298,346689.86783694243
4697.0,0.9660129999999999,342503.9232318631
4698.0,0.9413100000000001,333908.6422880419
4699.0,0.9326909999999999,331012.9562526097
4700.0,0.947141,336305.4268164984
4701.0,0.953901,338870.98619464133
4702.0,0.939265,333834.2398485452
4703.0,0.9193610000000001,326919.0921955245
4704.0,0.924803,329014.2581540491
4705.0,0.940242,334669.5734727707
4706.0,0.933356,332379.94689196325
4707.0,0.907055,323170.5909172583
4708.0,0.8899540000000001,317231.4991313851
4709.0,0.8864270000000001,316127.3471743644
4710.0,0.9002040000000001,321196.0454781032
4711.0,0.9362969999999999,334235.71670571994
4712.0,0.96341,344080.5809854239
4713.0,0.957376,342090.6078834482
4714.0,0.928584,331962.65286030865
4715.0,0.9144110000000001,327053.42533458484
4716.0,0.934926,334551.9317898234
4717.0,0.960174,343751.8980926364
4718.0,0.9652200000000001,345724.4931602175
4719.0,0.9617100000000001,344632.6792856486
4720.0,0.962925,345233.62598288676
4721.0,0.9612569999999999,344800.7968392841
4722.0,0.9517200000000001,341543.3819535344
4723.0,0.953095,342200.4830264063
4724.0,0.96714,347409.2171578021
4725.0,0.9756959999999999,350650.0417508543
4726.0,0.967036,347703.6162575476
4727.0,0.941528,338693.4646377378
4728.0,0.9263319999999999,333385.7791577815
4729.0,0.9378770000000001,337701.45556636696
4730.0,0.9479,341472.73239810736
4731.0,0.939792,338712.73534526303
4732.0,0.931882,336021.2924079915
4733.0,0.928185,334846.9362360359
4734.0,0.935265,337560.94351874007
4735.0,0.9490120000000001,342684.7331945198
4736.0,0.9367200000000001,338406.11785064556
4737.0,0.923976,333959.86802590475
4738.0,0.940823,340209.55791741837
4739.0,0.9548399999999999,345441.0944312242
4740.0,0.950052,343870.882460521
4741.0,0.942492,341295.1735449923
4742.0,0.9481719999999999,343513.5446758983
4743.0,0.9636309999999999,349278.2850451545
4744.0,0.969593,351604.3150920574
4745.0,0.9631629999999999,349436.4750383051
4746.0,0.962578,349387.9439190046
4747.0,0.9724860000000001,353149.5835937158
4748.0,0.978825,355617.86436946614
4749.0,0.978302,355594.0230240807
4750.0,0.979009,356017.2237248622
4751.0,0.980325,356662.1603378151
4752.0,0.9717870000000001,353720.71558195143
4753.0,0.950874,346269.8301965585
4754.0,0.9338280000000001,340220.64552980417
4755.0,0.941614,343216.8414921378
4756.0,0.950824,346734.8937943929
4757.0,0.949741,346500.72783509915
4758.0,0.9493309999999999,346511.7755414987
4759.0,0.954976,348733.75262672565
4760.0,0.96167,351340.81566407875
4761.0,0.9449200000000001,345380.9741031388
4762.0,0.902207,329921.1925353198
4763.0,0.8770870000000001,320883.3390133694
4764.0,0.8835639999999999,323402.0739417862
4765.0,0.8987700000000001,329119.39095509896
4766.0,0.914042,334865.95104659273
4767.0,0.9353459999999999,342828.4773524312
4768.0,0.950918,348696.2232751445
4769.0,0.9622379999999999,353009.24506402254
4770.0,0.971575,356598.1854807786
4771.0,0.9605229999999999,352703.3707606396
4772.0,0.9353870000000001,343630.763608427
4773.0,0.9299649999999999,341795.23126180854
4774.0,0.9502799999999999,349421.39597972773
4775.0,0.959094,352823.42538089486
4776.0,0.9603440000000001,353444.4937085228
4777.0,0.970715,357424.32940805383
4778.0,0.9717399999999999,357964.7405197089
4779.0,0.9548540000000001,351904.4556100559
4780.0,0.941725,347223.6834542324
4781.0,0.948882,350021.4968506902
4782.0,0.9481350000000001,349904.7037387704
4783.0,0.932853,344421.0850451149
4784.0,0.9377690000000001,346393.01800806326
4785.0,0.948845,350642.9360781925
4786.0,0.9293319999999999,343587.29743796284
4787.0,0.918485,339730.45976452896
4788.0,0.9269709999999999,343024.0745404113
4789.0,0.921984,341332.5437682755
4790.0,0.928948,344065.71630729653
4791.0,0.947722,351177.32516971015
4792.0,0.9516530000000001,352792.592576768
4793.0,0.957951,355286.97736301715
4794.0,0.971418,360443.4373733446
4795.0,0.97803,363059.6291620033
4796.0,0.976107,362508.2064987842
4797.0,0.9610850000000001,357089.1642318978
4798.0,0.9338770000000001,347135.3446757671
4799.0,0.924292,343726.0583164406
4800.0,0.9418549999999999,350413.83547064627
4801.0,0.9617559999999999,357977.6077782529
4802.0,0.9713940000000001,361726.19431733846
4803.0,0.9672200000000001,360332.3236216776
4804.0,0.947766,353241.9849477918
4805.0,0.926665,345530.99886771507
4806.0,0.931542,347503.8226298771
4807.0,0.9510639999999999,354943.8089770049
4808.0,0.963865,359880.74959666334
4809.0,0.966304,360951.25279749674
4810.0,0.960169,358818.35724162887
4811.0,0.9570540000000001,357812.443848136
4812.0,0.9637399999999999,360471.33381346805
4813.0,0.968827,362534.01511081477
4814.0,0.9675799999999999,362227.08110201743
4815.0,0.9653309999999999,361544.38411808846
4816.0,0.967686,362585.9622742303
4817.0,0.9715020000000001,364175.91176874307
4818.0,0.97311,364938.9933102699
4819.0,0.9710770000000001,364336.4707968988
4820.0,0.963952,361821.90937946417
4821.0,0.9625389999999999,361449.8834950022
4822.0,0.9505600000000001,357107.86795254116
4823.0,0.912817,343078.54690164264
4824.0,0.900183,338477.9924827209
4825.0,0.92853,349289.2225325353
4826.0,0.953787,358946.80269669177
4827.0,0.9608979999999999,361780.5827106865
4828.0,0.954984,359710.5397211473
4829.0,0.9487639999999999,357523.1743406717
4830.0,0.9498629999999999,358092.9188856896
4831.0,0.9422860000000001,355390.7274567795
4832.0,0.9340280000000001,352429.0267459294
4833.0,0.944997,356722.46127623325
4834.0,0.9597559999999999,362450.70005159
4835.0,0.9623010000000001,363569.0917548613
4836.0,0.9619540000000001,363595.1355901565
4837.0,0.966836,365598.28010452073
4838.0,0.9628540000000001,364249.6742724678
4839.0,0.94342,357051.6501868445
4840.0,0.922902,349436.78120447055
4841.0,0.9229790000000001,349616.35701607197
4842.0,0.938608,355689.38119959057
4843.0,0.944617,358120.31824982335
4844.0,0.9526290000000001,361312.8356483415
4845.0,0.965168,366225.6219101989
4846.0,0.9668540000000001,367022.55916159507
4847.0,0.955836,362995.40375004243
4848.0,0.934768,355146.2985682968
4849.0,0.927057,352367.17020020104
4850.0,0.944189,359032.129413508
4851.0,0.953184,362607.1232483366
4852.0,0.955198,363528.13927266106
4853.0,0.959226,365216.54585152783
4854.0,0.938649,357534.06839718425
4855.0,0.902799,344024.85230207886
4856.0,0.9052600000000001,345109.1309802805
4857.0,0.9372469999999999,357455.00500992493
4858.0,0.941284,359146.8296788014
4859.0,0.899817,343470.48603027384
4860.0,0.832017,317724.8139858279
4861.0,0.782384,298897.6022759505
4862.0,0.819486,313204.05734207155
4863.0,0.8936299999999999,341685.68517202744
4864.0,0.914264,349722.6021576329
4865.0,0.9081549999999999,347532.10529208777
4866.0,0.916149,350738.76607429155
4867.0,0.9308350000000001,356510.973067123
4868.0,0.938282,359514.12238861487
4869.0,0.943005,361475.4216215879
4870.0,0.921183,353258.59230762045
4871.0,0.873281,335029.23600302625
4872.0,0.8635940000000001,331451.5261036581
4873.0,0.902488,346524.055439662
4874.0,0.927201,356161.707199901
4875.0,0.9220870000000001,354345.1132679314
4876.0,0.917899,352882.8043497697
4877.0,0.919737,353736.71907486394
4878.0,0.916623,352685.78609739634
4879.0,0.9374899999999999,360864.70520518976
4880.0,0.954148,367429.3972077801
4881.0,0.9297780000000001,358193.4582850167
4882.0,0.9097709999999999,350631.1832013614
4883.0,0.9154770000000001,352976.49465190753
4884.0,0.9176270000000001,353951.91618925054
4885.0,0.917259,353956.29302904895
4886.0,0.921594,355776.0455616165
4887.0,0.9261889999999999,357697.5197306074
4888.0,0.9216770000000001,356101.77762834565
4889.0,0.9074469999999999,350748.30349697813
4890.0,0.882491,341242.68459318223
4891.0,0.862084,333488.7913702411
4892.0,0.898223,347611.5974300323
4893.0,0.9542309999999999,369438.26290671236
4894.0,0.9795280000000001,379387.7558334866
4895.0,0.987609,382674.42254631355
4896.0,0.99045,383932.37132707745
4897.0,0.9903930000000001,384067.3183819863
4898.0,0.980267,380295.886125661
4899.0,0.946685,367417.6645526612
4900.0,0.919243,356912.6965375548
4901.0,0.935838,363504.09668058844
4902.0,0.9482,368455.7944806722
4903.0,0.9310350000000001,361932.9242115859
4904.0,0.928809,361214.3389280955
4905.0,0.953448,370947.0318552601
4906.0,0.9723450000000001,378452.54813990125
4907.0,0.9701049999999999,377733.75007824774
4908.0,0.960158,374012.0459518318
4909.0,0.9416540000000001,366952.55638240126
4910.0,0.916114,357144.19713254203
4911.0,0.915833,357178.8393543941
4912.0,0.9379040000000001,365934.2133986072
4913.0,0.947493,369824.4946921783
4914.0,0.9506379999999999,371201.4865217875
4915.0,0.9671559999999999,377803.3290099116
4916.0,0.9794440000000001,382757.23940644314
4917.0,0.967202,378124.9920886352
4918.0,0.927048,362572.3253648378
4919.0,0.878469,343710.61501028255
4920.0,0.845103,330788.24053033575
4921.0,0.851842,333559.4295316038
4922.0,0.895919,350959.1062214519
4923.0,0.9115840000000001,357238.2048113744
4924.0,0.895739,351168.8332432288
4925.0,0.909035,356523.53468780656
4926.0,0.946241,371263.5552164986
4927.0,0.9677120000000001,379838.93853685685
4928.0,0.9734649999999999,382248.9839448973
4929.0,0.97754,384001.58590005996
4930.0,0.979165,384792.5773466032
4931.0,0.978751,384782.390935785
4932.0,0.965888,379875.9051401981
4933.0,0.921588,362596.5250064414
4934.0,0.888476,349706.91375633114
4935.0,0.915233,360380.86347581795
4936.0,0.9456040000000001,372486.6624472211
4937.0,0.9352440000000001,368550.98337657016
4938.0,0.8943620000000001,352579.487490444
4939.0,0.8647469999999999,341038.7047965735
4940.0,0.892491,352118.7867352924
4941.0,0.942867,372140.01883639983
4942.0,0.962253,379940.5473297014
4943.0,0.96799,382355.65245749423
4944.0,0.9756790000000001,385543.7955808555
4945.0,0.971432,384015.8293798069
4946.0,0.959125,379299.03327660775
4947.0,0.962068,380611.5305649568
4948.0,0.974892,385835.486467829
4949.0,0.9775659999999999,387044.66395925585
4950.0,0.974907,386142.2854561522
4951.0,0.9790909999999999,387950.4449098333
4952.0,0.981074,388887.3604268719
4953.0,0.97788,387771.9006917488
4954.0,0.979424,388534.92891436536
4955.0,0.975917,387293.8560377233
4956.0,0.9361700000000001,371664.1629219672
4957.0,0.863669,343013.63692040154
4958.0,0.855709,339983.6927344869
4959.0,0.920005,365670.52187589154
4960.0,0.967872,384844.5246235192
4961.0,0.9797680000000001,389724.8546691517
4962.0,0.978727,389460.784390783
4963.0,0.9801620000000001,390181.9577855617
4964.0,0.97272,387368.3826794146
4965.0,0.951731,379155.5247357382
4966.0,0.939896,374584.38396899484
4967.0,0.94642,377329.1137657784
4968.0,0.951519,379507.4066219422
4969.0,0.953556,380465.45094711526
4970.0,0.953512,380593.4087945259
4971.0,0.954307,381056.28800528694
4972.0,0.960725,383765.4602670778
4973.0,0.9674440000000001,386596.7903548909
4974.0,0.9759110000000001,390128.8649038534
4975.0,0.9787030000000001,391393.9421064556
4976.0,0.973366,389407.67567040987
4977.0,0.966881,386960.2581728552
4978.0,0.955801,382671.10284834617
4979.0,0.945981,378883.1553607394
4980.0,0.931384,373178.1440197297
4981.0,0.8932979999999999,358053.71146745293
4982.0,0.857621,343883.59883393603
4983.0,0.85836,344309.98151238397
4984.0,0.875217,351204.2961590544
4985.0,0.892048,358093.204781242
4986.0,0.9190360000000001,369065.9748963372
4987.0,0.950749,381945.0083127615
4988.0,0.9614389999999999,386384.78883282444
4989.0,0.952349,382875.5103233725
4990.0,0.929276,373739.6723160394
4991.0,0.910425,366295.4496519971
4992.0,0.9256129999999999,372545.66316196596
4993.0,0.9298209999999999,374379.433991002
4994.0,0.9161959999999999,369031.5006114918
4995.0,0.9325950000000001,375777.172521046
4996.0,0.946232,381414.3735420165
4997.0,0.939426,378812.20370153297
4998.0,0.931989,375953.3709067335
4999.0,0.912248,368127.088921724
5000.0,0.901481,363917.50279383577
5001.0,0.9102120000000001,367578.65260298713
5002.0,0.918708,371147.40730802575
5003.0,0.9315450000000001,376472.99580722686
5004.0,0.932398,376957.3639536825
5005.0,0.896324,362507.2371303368
5006.0,0.857351,346873.3401384729
5007.0,0.8703860000000001,352277.266678146
5008.0,0.9188440000000001,372027.3020041283
5009.0,0.943471,382139.33413875074
5010.0,0.9359370000000001,379227.49023325177
5011.0,0.9112020000000001,369341.1684160725
5012.0,0.871807,353503.0098037317
5013.0,0.840116,340778.0239790692
5014.0,0.8227780000000001,333867.7007391505
5015.0,0.8500200000000001,345048.49854837515
5016.0,0.892993,362625.35365763365
5017.0,0.9017040000000001,366296.7550491124
5018.0,0.8843,359358.1639822426
5019.0,0.886074,360210.6515484376
5020.0,0.906905,368813.55332624563
5021.0,0.913248,371528.5356402567
5022.0,0.894932,364209.86514384364
5023.0,0.895805,364697.86706772586
5024.0,0.9181389999999999,373926.3772917554
5025.0,0.9281299999999999,378132.7164151262
5026.0,0.939049,382720.14982194157
5027.0,0.942003,384063.32816946344
5028.0,0.9429540000000001,384590.36190073926
5029.0,0.953849,389174.7941731029
5030.0,0.9526110000000001,388810.25114765024
5031.0,0.947916,387033.76984958275
5032.0,0.9649540000000001,394132.60287503613
5033.0,0.980504,400628.38624839275
5034.0,0.9671200000000001,395302.1375414836
5035.0,0.9227540000000001,377303.6772445774
5036.0,0.8905780000000001,364278.23225675005
5037.0,0.903387,369650.3350943608
5038.0,0.90895,372060.1224411153
5039.0,0.8774190000000001,359282.34926314995
5040.0,0.8221930000000001,336789.22797295876
5041.0,0.785022,321678.22904546955
5042.0,0.826729,338889.63885094295
5043.0,0.903443,370468.26185461466
5044.0,0.941327,386140.85311087
5045.0,0.961292,394471.2931529233
5046.0,0.977467,401251.68930600374
5047.0,0.974958,400364.18941066775
5048.0,0.947635,389282.439412938
5049.0,0.9131389999999999,375244.96138762287
5050.0,0.894036,367525.17770709994
5051.0,0.883973,363517.2766622142
5052.0,0.895799,368510.99544206203
5053.0,0.941177,387315.4838106268
5054.0,0.973934,400937.4393288307
5055.0,0.983347,404955.4691437051
5056.0,0.984642,405631.87035068776
5057.0,0.9839870000000001,405504.9604589898
5058.0,0.979424,403766.7060777626
5059.0,0.9631780000000001,397209.0413939566
5060.0,0.948918,391465.8842643069
5061.0,0.960828,396518.45488723076
5062.0,0.9746370000000001,402358.35553402454
5063.0,0.959908,396416.728096084
5064.0,0.9135489999999999,377403.8233890599
5065.0,0.890157,367868.84106316237
5066.0,0.9224899999999999,381364.1454258718
5067.0,0.946417,391392.3940939156
5068.0,0.935011,386810.34645589313
5069.0,0.930443,385054.7669553104
5070.0,0.950515,393498.3651528834
5071.0,0.954851,395430.94054701756
5072.0,0.9386909999999999,388873.755497398
5073.0,0.937269,388419.50476751477
5074.0,0.946242,392274.1155271715
5075.0,0.9459569999999999,392291.89688588947
5076.0,0.948268,393386.45823653333
5077.0,0.95315,395548.54261864256
5078.0,0.9282030000000001,385328.9043583953
5079.0,0.862549,358197.3238416665
5080.0,0.834667,346738.1300826812
5081.0,0.8742409999999999,363303.16896998207
5082.0,0.904801,376132.2763086116
5083.0,0.898028,373445.1131782586
5084.0,0.911234,379067.06189573684
5085.0,0.946319,393797.343315793
5086.0,0.954393,397293.4585713262
5087.0,0.940749,391747.9567147125
5088.0,0.944825,393579.9939860705
5089.0,0.960433,400218.56918374146
5090.0,0.9622440000000001,401110.24463281705
5091.0,0.958026,399488.3127451553
5092.0,0.9598450000000001,400383.33127795556
5093.0,0.968087,403958.9438526913
5094.0,0.974826,406909.4359692025
5095.0,0.9726309999999999,406131.2809545316
5096.0,0.9619110000000001,401791.5143463551
5097.0,0.9425,393817.1485138056
5098.0,0.9131799999999999,381695.3861509123
5099.0,0.898365,375630.16152830725
5100.0,0.922258,385750.98045758513
5101.0,0.951418,398082.24226145406
5102.0,0.957917,400936.88854228787
5103.0,0.9520059999999999,398597.3199888682
5104.0,0.9467700000000001,396538.711290756
5105.0,0.9308620000000001,390007.2483763156
5106.0,0.9025850000000001,378287.17958004813
5107.0,0.864885,362608.40888262406
5108.0,0.866359,363348.40056318726
5109.0,0.898734,377052.8685915706
5110.0,0.8975709999999999,376691.19289115095
5111.0,0.910274,382150.32196535903
5112.0,0.944425,396620.2325232559
5113.0,0.956617,401874.6794108228
5114.0,0.956779,402076.97554552427
5115.0,0.958773,403049.3702939826
5116.0,0.9645370000000001,405607.60251137364
5117.0,0.9716610000000001,408739.46356327424
5118.0,0.971891,408972.235456151
5119.0,0.965643,406478.1347794147
5120.0,0.9602860000000001,404357.38470583357
5121.0,0.953051,401444.00247575465
5122.0,0.928731,391329.58968991466
5123.0,0.8850600000000001,373051.88067669777
5124.0,0.8712,367331.37464824336
5125.0,0.894861,377432.45108424395
5126.0,0.8997350000000001,379613.48622790474
5127.0,0.878289,370687.2813192214
5128.0,0.8761110000000001,369889.88992539654
5129.0,0.892598,376974.6842713634
5130.0,0.908819,383951.6039449905
5131.0,0.917567,387774.76955941477
5132.0,0.9232090000000001,390287.2188830656
5133.0,0.9300860000000001,393323.4202265643
5134.0,0.9411860000000001,398147.89263256744
5135.0,0.956625,404811.4757322133
5136.0,0.945609,400280.72321035987
5137.0,0.916842,388230.303559718
5138.0,0.896173,379602.0099391787
5139.0,0.873102,369950.1527038092
5140.0,0.8845770000000001,374934.42237607425
5141.0,0.900062,381622.00162972545
5142.0,0.867251,367829.8406401747
5143.0,0.857434,363784.24412801163
5144.0,0.895708,380146.09783815115
5145.0,0.9136690000000001,387894.60276630765
5146.0,0.9072530000000001,385295.4559952159
5147.0,0.9001879999999999,382418.75663412194
5148.0,0.908357,386013.85177773336
5149.0,0.926085,393674.5977310395
5150.0,0.9060159999999999,385267.60655829415
5151.0,0.859527,365616.7644788221
5152.0,0.850526,361904.5025762036
5153.0,0.8803120000000001,374699.1376684147
5154.0,0.903005,384481.78624914825
5155.0,0.9236270000000001,393388.4870232621
5156.0,0.946257,403156.2580762668
5157.0,0.9612709999999999,409684.2620196349
5158.0,0.965385,411569.3190026352
5159.0,0.9646959999999999,411407.11121314205
5160.0,0.966485,412301.7431138091
5161.0,0.959609,409499.1147601334
5162.0,0.9440379999999999,402982.88213288627
5163.0,0.939559,401198.69620669074
5164.0,0.9298770000000001,397190.7823966051
5165.0,0.8858450000000001,378503.11600237334
5166.0,0.814664,348199.52776620875
5167.0,0.752626,321785.64606747054
5168.0,0.748321,320046.47433548246
5169.0,0.802872,343485.9340395632
5170.0,0.870442,372511.66759026056
5171.0,0.863122,369495.78777716105
5172.0,0.7974359999999999,341483.9320453395
5173.0,0.7866270000000001,336961.4990667885
5174.0,0.8570180000000001,367230.07388244773
5175.0,0.9290430000000001,398217.9595625826
5176.0,0.956361,410056.29430307617
5177.0,0.9662040000000001,414406.84594755375
5178.0,0.974686,418176.0446671644
5179.0,0.976899,419256.9658655059
5180.0,0.973914,418106.86448500794
5181.0,0.963189,413632.0073720388
5182.0,0.920841,395569.75055295357
5183.0,0.8424360000000001,362002.03575474164
5184.0,0.822098,353372.8870843429
5185.0,0.879375,378110.86185665225
5186.0,0.9230889999999999,397030.51565032656
5187.0,0.93578,402614.3153572466
5188.0,0.91733,394799.0146591426
5189.0,0.9112290000000001,392295.09145506675
5190.0,0.927158,399276.5806526781
5191.0,0.893999,385116.1536510673
5192.0,0.838141,361165.51129848394
5193.0,0.8409540000000001,362489.78974252933
5194.0,0.873346,376568.5913729339
5195.0,0.880236,379656.61755375407
5196.0,0.8998870000000001,388252.0737363875
5197.0,0.920911,397445.23449061275
5198.0,0.920222,397270.1567946788
5199.0,0.9222790000000001,398280.65763268626
5200.0,0.9293399999999999,401453.23378270824
5201.0,0.9307139999999999,402170.19471594953
5202.0,0.923092,398998.98927097797
5203.0,0.909802,393374.98452008
5204.0,0.869706,376153.60704183497
5205.0,0.826466,357561.3258151979
5206.0,0.8356520000000001,361645.9921260097
5207.0,0.8685290000000001,375988.9191218602
5208.0,0.858866,371919.13647767494
5209.0,0.854276,370044.1834260262
5210.0,0.87669,379868.7450389314
5211.0,0.905025,392265.4773141614
5212.0,0.943314,408985.2686359854
5213.0,0.969943,420658.183516906
5214.0,0.96425,418315.91786621994
5215.0,0.925278,401530.430414713
5216.0,0.891329,386915.0477998863
5217.0,0.897949,389906.50539532833
5218.0,0.9290950000000001,403552.4890351379
5219.0,0.94715,411518.7609750777
5220.0,0.950217,412975.7124347431
5221.0,0.95567,415470.6779857981
5222.0,0.960734,417797.8184615215
5223.0,0.9569610000000001,416282.0643477889
5224.0,0.9302469999999999,404782.81230413454
5225.0,0.874217,380516.2682817884
5226.0,0.804237,350161.2619544521
5227.0,0.7884760000000001,343401.7210025551
5228.0,0.8659040000000001,377236.3602227641
5229.0,0.9303959999999999,405453.74655576615
5230.0,0.946089,412415.54963168304
5231.0,0.9567680000000001,417195.0118321205
5232.0,0.9418190000000001,410798.84380921547
5233.0,0.9122969999999999,398040.4270028418
5234.0,0.910099,397199.43119712954
5235.0,0.9284459999999999,405327.0115175018
5236.0,0.9552959999999999,417172.47440046957
5237.0,0.97115,424221.48719129007
5238.0,0.9717549999999999,424611.41545690707
5239.0,0.964514,421572.0646268704
5240.0,0.963476,421242.77949321707
5241.0,0.9716819999999999,424955.9156978397
5242.0,0.970888,424733.8563854972
5243.0,0.97091,424868.58541548665
5244.0,0.9779629999999999,428080.89202738355
5245.0,0.9704870000000001,424933.32018636947
5246.0,0.933659,408928.02152723086
5247.0,0.8958079999999999,392464.9818991013
5248.0,0.9059459999999999,397022.8967112458
5249.0,0.916695,401851.17649069853
5250.0,0.889575,390076.6591055127
5251.0,0.8919229999999999,391220.53762500995
5252.0,0.9248379999999999,405776.32956646435
5253.0,0.9391229999999999,412164.094563657
5254.0,0.92491,406044.5289514226
5255.0,0.909244,399283.1798872913
5256.0,0.934637,410553.5381404191
5257.0,0.9714860000000001,426863.9787973976
5258.0,0.9832639999999999,432164.51796080224
5259.0,0.978856,430351.8326636339
5260.0,0.967424,425448.9562797654
5261.0,0.935214,411402.7926280791
5262.0,0.889825,391549.20314568403
5263.0,0.8625360000000001,379650.82839876786
5264.0,0.8479129999999999,373322.0744408864
5265.0,0.83744,368817.23514245776
5266.0,0.8442569999999999,371926.5507164903
5267.0,0.888381,391477.36324127816
5268.0,0.9036629999999999,398325.99488175294
5269.0,0.8396889999999999,370233.1005936921
5270.0,0.802488,353932.0030688186
5271.0,0.8668819999999999,382442.06529681565
5272.0,0.9211530000000001,406501.07504285144
5273.0,0.910429,401883.47088099003
5274.0,0.909176,401444.9824059045
5275.0,0.9186719999999999,405753.65130460414
5276.0,0.924221,408320.84433815005
5277.0,0.9527610000000001,421049.6666056808
5278.0,0.980408,433390.82858697424
5279.0,0.984828,435468.4023797671
5280.0,0.971007,429478.95495194674
5281.0,0.946116,418588.27277748915
5282.0,0.9232670000000001,408594.9572919104
5283.0,0.908976,402384.2766545671
5284.0,0.9155049999999999,405389.11085544864
5285.0,0.9544360000000001,422747.2780581242
5286.0,0.985051,436430.6578195323
5287.0,0.990475,438957.48225948075
5288.0,0.984713,436526.77795125
5289.0,0.981153,435070.9760856699
5290.0,0.983276,436134.9090488595
5291.0,0.985448,437221.02232154505
5292.0,0.9823200000000001,435955.43749338866
5293.0,0.977497,433936.53079480765
5294.0,0.97856,434530.0177499944
5295.0,0.970109,430897.80294934026
5296.0,0.9361729999999999,415940.45010518876
5297.0,0.8969659999999999,398632.04237614037
5298.0,0.8885879999999999,395018.7615357465
5299.0,0.9201309999999999,409155.01181070105
5300.0,0.94347,419649.8955896437
5301.0,0.935609,416269.03351206746
5302.0,0.931494,414553.2684913302
5303.0,0.9513450000000001,423505.22033578524
5304.0,0.9781540000000001,435560.29964731593
5305.0,0.9874629999999999,439827.2038206262
5306.0,0.973893,433902.9289519534
5307.0,0.951881,424212.98301086016
5308.0,0.9561540000000001,426234.87670083373
5309.0,0.979294,436670.5953916217
5310.0,0.9903379999999999,441716.7773079192
5311.0,0.9905010000000001,441911.03393348405
5312.0,0.9890620000000001,441390.3137472016
5313.0,0.9872290000000001,440693.2719345118
5314.0,0.9857540000000001,440155.5446433338
5315.0,0.974727,435351.07150081004
5316.0,0.94589,422586.9948362701
5317.0,0.9369129999999999,418690.88826112257
5318.0,0.95965,428968.8368119395
5319.0,0.9710690000000001,434191.65905398433
5320.0,0.96824,433044.7688614443
5321.0,0.9644520000000001,431468.07248550176
5322.0,0.9580190000000001,428706.7473763794
5323.0,0.945111,423045.4655448268
5324.0,0.928817,415864.9246528619
5325.0,0.936658,419489.3828820902
5326.0,0.943118,422497.00123498734
5327.0,0.8867799999999999,397366.3045293266
5328.0,0.804161,360442.16185806907
5329.0,0.828917,371638.7040402959
5330.0,0.9197690000000001,412482.8064202975
5331.0,0.9608770000000001,431034.4214237235
5332.0,0.9509920000000001,426715.0616353674
5333.0,0.939261,421564.6952932658
5334.0,0.956306,429330.2988705774
5335.0,0.968966,435130.76740204735
5336.0,0.9549,428929.212119424
5337.0,0.9450770000000001,424630.59645494295
5338.0,0.9574090000000001,430286.6132978957
5339.0,0.9480370000000001,426188.5103074436
5340.0,0.9106709999999999,409500.0498771577
5341.0,0.903329,406306.98504729476
5342.0,0.9436760000000001,424567.75849283236
5343.0,0.9789190000000001,440541.17476507096
5344.0,0.98061,441419.58071136544
5345.0,0.955204,430097.4016291634
5346.0,0.9388209999999999,422832.90223212383
5347.0,0.94405,425300.7505470779
5348.0,0.9347489999999999,421222.1668037011
5349.0,0.931406,419826.8187535084
5350.0,0.9541059999999999,430172.451180434
5351.0,0.977188,440695.6816913563
5352.0,0.9783709999999999,441345.6251960203
5353.0,0.9662719999999999,436002.6382700997
5354.0,0.969736,437680.8957090836
5355.0,0.986302,445274.90369422594
5356.0,0.993124,448472.58204645227
5357.0,0.9924700000000001,448294.90772919706
5358.0,0.9934299999999999,448846.21714548755
5359.0,0.994765,449567.138613242
5360.0,0.991711,448304.2326044073
5361.0,0.981459,443785.79853411886
5362.0,0.9682850000000001,437943.26870525425
5363.0,0.961383,434935.0283217648
5364.0,0.954987,432154.04921253835
5365.0,0.9449299999999999,427714.35576003307
5366.0,0.948591,429483.1560997811
5367.0,0.953649,431885.40074196964
5368.0,0.9551629999999999,432683.3368064148
5369.0,0.944493,427960.8289817671
5370.0,0.911323,413038.07566714747
5371.0,0.880741,399280.7166371392
5372.0,0.899135,407724.9373291153
5373.0,0.953357,432424.27276637475
5374.0,0.9839190000000001,446401.7290039616
5375.0,0.9922549999999999,450299.76266540063
5376.0,0.9924200000000001,450490.5813381217
5377.0,0.9908239999999999,449881.76966621005
5378.0,0.9893190000000001,449313.82450869255
5379.0,0.981202,445741.73049188056
5380.0,0.963393,437763.6327566975
5381.0,0.9496020000000001,431607.53881666035
5382.0,0.949083,431482.0050870696
5383.0,0.9476399999999999,430936.0786084194
5384.0,0.958577,436020.9311791903
5385.0,0.978404,445152.9959761713
5386.0,0.9862139999999999,448820.6980191557
5387.0,0.9868379999999999,449218.9780017788
5388.0,0.983234,447692.19366509496
5389.0,0.9755860000000001,444322.6793102991
5390.0,0.9730700000000001,443289.2286337134
5391.0,0.9716290000000001,442744.95661381783
5392.0,0.956767,436083.1299382354
5393.0,0.929581,423799.23361353774
5394.0,0.911173,415511.91934190603
5395.0,0.909566,414883.78693413245
5396.0,0.897,409255.1715103621
5397.0,0.8799809999999999,401591.39771727496
5398.0,0.915385,417853.60847122775
5399.0,0.9608110000000001,438699.84120034677
5400.0,0.970815,443378.8984628138
5401.0,0.971083,443612.53678927675
5402.0,0.970886,443633.67255696724
5403.0,0.951266,434777.36748786265
5404.0,0.917845,419607.1475522313
5405.0,0.8897950000000001,406885.25817098835
5406.0,0.8915930000000001,407809.17679602647
5407.0,0.930883,425886.31004153145
5408.0,0.950946,435173.61950219417
5409.0,0.9271469999999999,424388.2117381365
5410.0,0.907517,415506.0779571581
5411.0,0.932315,426965.77859718807
5412.0,0.9686950000000001,443736.4712306097
5413.0,0.9810629999999999,449513.2758777301
5414.0,0.9686670000000001,443943.3716362443
5415.0,0.9550049999999999,437790.2142580728
5416.0,0.965074,442515.2481931114
5417.0,0.977508,448327.1635071
5418.0,0.967375,443789.0554284756
5419.0,0.955657,438521.26293553656
5420.0,0.9608770000000001,441024.9705560813
5421.0,0.972397,446422.06328334485
5422.0,0.9781219999999999,449160.55889849714
5423.0,0.964657,443085.9108728278
5424.0,0.942371,432955.4947009324
5425.0,0.944142,433875.2437537621
5426.0,0.964332,443261.7227098017
5427.0,0.97846,449865.5266993033
5428.0,0.963584,443134.020563179
5429.0,0.914063,420462.63356997183
5430.0,0.8978879999999999,413122.7349577909
5431.0,0.9312389999999999,428571.83293732186
5432.0,0.936457,431077.87958346
5433.0,0.916163,421838.25683191256
5434.0,0.896017,412662.18288421875
5435.0,0.8986799999999999,413988.80146096053
5436.0,0.9281520000000001,427668.83716939786
5437.0,0.957202,441160.85671417083
5438.0,0.9805309999999999,452021.8879824872
5439.0,0.9920399999999999,457437.7177231914
5440.0,0.994648,458750.70191271853
5441.0,0.993843,458489.6549794963
5442.0,0.992466,457964.39503168757
5443.0,0.990402,457121.65383089153
5444.0,0.97982,452345.9264702513
5445.0,0.9537190000000001,440401.5168724147
5446.0,0.911437,420977.51836095355
5447.0,0.8933110000000001,412704.0185273208
5448.0,0.9359879999999999,432523.7439031896
5449.0,0.9786940000000001,452366.197505962
5450.0,0.992326,458776.35517789697
5451.0,0.9943639999999999,459827.9606186971
5452.0,0.9922190000000001,458945.101706887
5453.0,0.9831850000000001,454874.45798806107
5454.0,0.951775,440446.9403890066
5455.0,0.898576,415926.89777535835
5456.0,0.895123,414426.6606826229
5457.0,0.9508909999999999,440350.38006787456
5458.0,0.986334,456871.6414192878
5459.0,0.988931,458182.64856824506
5460.0,0.9801139999999999,454204.6547540006
5461.0,0.9738129999999999,451390.88702537864
5462.0,0.9631209999999999,446539.8205833871
5463.0,0.950578,440827.94039850007
5464.0,0.96144,445969.7943495955
5465.0,0.978984,454214.1370972623
5466.0,0.98221,455817.6007787242
5467.0,0.9828600000000001,456225.943051715
5468.0,0.986866,458192.4959983299
5469.0,0.987801,458733.6590709211
5470.0,0.9846440000000001,457374.1717792137
5471.0,0.981268,455912.16090193094
5472.0,0.976865,453972.0597433387
5473.0,0.968097,450001.9290776175
5474.0,0.963249,447852.37955095846
5475.0,0.95391,443613.16966427927
5476.0,0.9152680000000001,425741.4249973925
5477.0,0.896231,416982.7472046067
5478.0,0.937308,436195.15158387047
5479.0,0.975932,454274.4867662387
5480.0,0.978894,455758.33991537284
5481.0,0.966363,450027.7698338194
5482.0,0.961059,447660.7570718555
5483.0,0.962886,448614.90010401607
5484.0,0.972556,453224.2913392236
5485.0,0.983885,458608.95692451467
5486.0,0.9834360000000001,458504.72944271745
5487.0,0.971507,453046.80183291907
5488.0,0.965248,450230.95936364
5489.0,0.966234,450793.8297785772
5490.0,0.955484,445880.1743647652
5491.0,0.9534959999999999,445053.8962570373
5492.0,0.9662430000000001,451106.38518365845
5493.0,0.97119,453519.1087456283
5494.0,0.977085,456375.5850473111
5495.0,0.9828950000000001,459193.5124473199
5496.0,0.9653959999999999,451120.50475155714
5497.0,0.9274959999999999,433508.3487708393
5498.0,0.927436,433578.3733993573
5499.0,0.9630989999999999,450352.65659928333
5500.0,0.965465,451560.9313175118
5501.0,0.9350780000000001,437447.1458884882
5502.0,0.935652,437814.27170621767
5503.0,0.9680799999999999,453090.04689635395
5504.0,0.9831790000000001,460260.2528907844
5505.0,0.969612,454010.9814668915
5506.0,0.933457,437179.7974766951
5507.0,0.921982,431902.2793882775
5508.0,0.953573,446801.0444332662
5509.0,0.973922,456437.67516108556
5510.0,0.973801,456482.8789969894
5511.0,0.967117,453450.78470076225
5512.0,0.9501569999999999,445598.03837617906
5513.0,0.939692,440788.321789657
5514.0,0.943174,442520.01395736076
5515.0,0.957375,449282.6225757088
5516.0,0.9752299999999999,457763.25389039516
5517.0,0.9841059999999999,462031.9257889795
5518.0,0.9891639999999999,464509.4291433818
5519.0,0.9917,465803.305760387
5520.0,0.9887440000000001,464517.4467512529
5521.0,0.981949,461426.9035491393
5522.0,0.9807799999999999,460979.1553561964
5523.0,0.984978,463054.19037162047
5524.0,0.985268,463292.38615621097
5525.0,0.975769,458926.56124122493
5526.0,0.9548180000000001,449171.36605553183
5527.0,0.9333239999999999,439156.26447173086
5528.0,0.925517,435578.1919531073
5529.0,0.9427979999999999,443808.23320823134
5530.0,0.9710260000000001,457196.00948711653
5531.0,0.9846370000000001,463705.7593592496
5532.0,0.985665,464291.0758287938
5533.0,0.9811790000000001,462278.6147354271
5534.0,0.972881,458468.745589179
5535.0,0.967844,456194.16377450136
5536.0,0.976284,460272.2384691147
5537.0,0.985547,464740.041008763
5538.0,0.9876959999999999,465854.27526716
5539.0,0.989217,466672.59388287645
5540.0,0.9920979999999999,468132.86492137186
5541.0,0.9930260000000001,468671.8888958198
5542.0,0.988145,466468.78574766126
5543.0,0.979556,462513.8059130142
5544.0,0.977045,461427.43895991606
5545.0,0.9809110000000001,463352.7762880907
5546.0,0.983605,464725.0729852231
5547.0,0.986475,466180.9996128305
5548.0,0.989914,467906.3696755653
5549.0,0.991099,468566.7115325323
5550.0,0.9916020000000001,468904.70200944645
5551.0,0.991718,469059.66243662365
5552.0,0.989801,468252.78968647437
5553.0,0.98598,466544.5092100481
5554.0,0.981123,464345.05279381946
5555.0,0.9805459999999999,464170.5954902847
5556.0,0.986259,466974.1241637534
5557.0,0.989923,468808.3447803003
5558.0,0.9902200000000001,469048.3277294114
5559.0,0.990455,469258.9063943794
5560.0,0.9883069999999999,468340.1836340294
5561.0,0.980524,464750.0569661603
5562.0,0.968203,459006.9044853301
5563.0,0.9624780000000001,456388.9014781581
5564.0,0.9678049999999999,459011.42118245753
5565.0,0.971987,461091.7502504465
5566.0,0.970216,460348.2445448716
5567.0,0.968469,459615.68863093766
5568.0,0.9651700000000001,458145.995942946
5569.0,0.954226,453045.87983486743
5570.0,0.954261,453157.18609246553
5571.0,0.9658450000000001,458753.9197217655
5572.0,0.9528989999999999,452699.2526999816
5573.0,0.9416190000000001,447433.5775326399
5574.0,0.961324,456891.93918393116
5575.0,0.970409,461305.65386426315
5576.0,0.96315,457949.97560783563
5577.0,0.968781,460722.8716560824
5578.0,0.974999,463776.0075049897
5579.0,0.977399,465013.8030612784
5580.0,0.982815,467687.1913589633
5581.0,0.976576,464814.20498682925
5582.0,0.9676629999999999,460666.9174624687
5583.0,0.973332,463461.14993078413
5584.0,0.977794,465681.56337808346
5585.0,0.969457,461805.8922862679
5586.0,0.9426479999999999,449127.46294182487
5587.0,0.9143469999999999,435732.6944341455
5588.0,0.9056780000000001,431689.8757429833
5589.0,0.9137850000000001,435643.1717595017
5590.0,0.93675,446682.9027385084
5591.0,0.9582879999999999,457046.4279035187
5592.0,0.9647180000000001,460206.9703583243
5593.0,0.957571,456890.6144633218
5594.0,0.9429770000000001,450018.8373168874
5595.0,0.949486,453217.2177197189
5596.0,0.9737790000000001,464907.31679230917
5597.0,0.973684,464956.2098534619
5598.0,0.9517629999999999,454580.47588132083
5599.0,0.949674,453674.48261081445
5600.0,0.9605520000000001,458963.7957569401
5601.0,0.952092,455013.31771870086
5602.0,0.9332520000000001,446099.42786367977
5603.0,0.931232,445223.4941398514
5604.0,0.960458,459288.85494697833
5605.0,0.9867049999999999,471934.9106439797
5606.0,0.9944790000000001,475748.623752598
5607.0,0.994999,476092.8038843956
5608.0,0.9936659999999999,475550.1827786403
5609.0,0.991901,474800.4285648536
5610.0,0.99135,474631.4778123766
5611.0,0.9927969999999999,475419.11178256705
5612.0,0.994293,476230.40220878937
5613.0,0.989876,474209.2117370801
5614.0,0.964842,462308.3625977986
5615.0,0.922696,442201.73912852356
5616.0,0.920126,441057.56140528276
5617.0,0.9595309999999999,460037.29580397235
5618.0,0.982584,471183.0768505029
5619.0,0.985894,472863.81892620825
5620.0,0.987107,473539.11834037123
5621.0,0.9895870000000001,474822.4894181706
5622.0,0.9893700000000001,474811.9145392116
5623.0,0.9782379999999999,469561.9242085134
5624.0,0.9566709999999999,459299.8773669077
5625.0,0.9529719999999999,457613.8273084271
5626.0,0.971548,466625.4700494909
5627.0,0.982817,472130.35174536007
5628.0,0.98624,473867.42846977414
5629.0,0.9911540000000001,476321.5941114057
5630.0,0.9941110000000001,477835.9291326614
5631.0,0.9940329999999999,477891.62222754816
5632.0,0.992891,477435.5830683991
5633.0,0.990685,476467.5130275343
5634.0,0.988534,475525.39894484315
5635.0,0.988698,475696.6205811847
5636.0,0.988116,475508.78848803055
5637.0,0.9838530000000001,473549.01717678393
5638.0,0.979483,471536.85223567707
5639.0,0.979208,471495.55759237544
5640.0,0.975282,469695.80265547393
5641.0,0.9694450000000001,466974.71607257094
5642.0,0.9752360000000001,469854.6623669484
5643.0,0.980533,472497.54743316094
5644.0,0.978447,471582.93531778053
5645.0,0.9804209999999999,472625.02686588315
5646.0,0.9849979999999999,474922.4471887186
5647.0,0.9883190000000001,476614.9213766276
5648.0,0.9900559999999999,477543.8931023061
5649.0,0.990617,477905.7560920841
5650.0,0.9917370000000001,478537.3651039898
5651.0,0.99384,479643.50357316766
5652.0,0.9949709999999999,480280.74742551264
5653.0,0.994353,480073.6928375324
5654.0,0.991239,478661.1382923417
5655.0,0.9858020000000001,476125.9541959727
5656.0,0.9778389999999999,472369.4394676587
5657.0,0.9501280000000001,459069.81308515504
5658.0,0.909683,439611.23526480707
5659.0,0.91471,442124.03126880364
5660.0,0.9570489999999999,462675.7761706686
5661.0,0.9727049999999999,470333.0910118841
5662.0,0.95706,462855.31545348646
5663.0,0.9528209999999999,460891.83907814574
5664.0,0.972662,470577.501392666
5665.0,0.9852549999999999,476759.4113714044
5666.0,0.979999,474304.8677808207
5667.0,0.966618,467916.17067337653
5668.0,0.96041,464997.8887942504
5669.0,0.965356,467479.79460916924
5670.0,0.975659,472557.15269031713
5671.0,0.983773,476575.8507513281
5672.0,0.989641,479507.6764419104
5673.0,0.9941840000000001,481798.3533763081
5674.0,0.994088,481841.20432173926
5675.0,0.990915,480392.23040139757
5676.0,0.9911270000000001,480583.938877064
5677.0,0.993576,481860.48847331025
5678.0,0.9932639999999999,481798.1226279396
5679.0,0.99129,480929.2850252914
5680.0,0.990705,480734.01068702654
5681.0,0.989767,480367.22099564865
5682.0,0.9843139999999999,477808.49182793114
5683.0,0.975339,473538.72987175203
5684.0,0.9674309999999999,469785.41883480473
5685.0,0.971198,471701.04407163424
5686.0,0.978367,475269.8719109555
5687.0,0.9791,475712.8429463186
5688.0,0.978403,475460.93981876795
5689.0,0.9806959999999999,476662.0999762674
5690.0,0.985016,478848.97105576383
5691.0,0.9891620000000001,480951.9162811718
5692.0,0.9936889999999999,483240.7904114241
5693.0,0.996186,484542.98734795727
5694.0,0.9945350000000001,483827.5913425595
5695.0,0.9911690000000001,482277.34139386937
5696.0,0.989826,481710.92886262026
5697.0,0.98777,480797.13964374777
5698.0,0.9813569999999999,477761.74917100143
5699.0,0.975427,474960.33154455887
5700.0,0.966558,470726.4564124028
5701.0,0.953508,464454.3747858617
5702.0,0.954608,465073.6371956844
5703.0,0.9692790000000001,472305.82187476923
5704.0,0.98056,477888.3225105774
5705.0,0.982764,479048.12181248685
5706.0,0.977376,476506.83816957515
5707.0,0.9692620000000001,472635.2676714426
5708.0,0.948931,462803.83857102756
5709.0,0.9209450000000001,449234.7040923719
5710.0,0.919125,448426.6115383966
5711.0,0.932061,454818.62044029037
5712.0,0.9447469999999999,461090.77255066147
5713.0,0.9685940000000001,472813.209148406
5714.0,0.9828879999999999,479875.61777754116
5715.0,0.983453,480236.31009318744
5716.0,0.9862719999999999,481697.8725527789
5717.0,0.9889709999999999,483101.2148734943
5718.0,0.9891399999999999,483268.84018577397
5719.0,0.99118,484350.69133100985
5720.0,0.9922690000000001,484968.00739190174
5721.0,0.9922129999999999,485025.7097726062
5722.0,0.9942280000000001,486095.8639478195
5723.0,0.996556,487319.3334683743
5724.0,0.997051,487646.6132205084
5725.0,0.9945950000000001,486530.33616833074
5726.0,0.9864940000000001,482651.68162596226
5727.0,0.978982,479059.7829058254
5728.0,0.9831270000000001,481171.80331951845
5729.0,0.990763,484993.33919956343
5730.0,0.991858,485613.61255628837
5731.0,0.9884280000000001,484018.16076280817
5732.0,0.988366,484071.58395649184
5733.0,0.9924059999999999,486134.29170067864
5734.0,0.995051,487514.13124304975
5735.0,0.9956809999999999,487906.9334033869
5736.0,0.994677,487498.91825247684
5737.0,0.993122,486820.55029199424
5738.0,0.9930100000000001,486849.30156064325
5739.0,0.992188,486529.7906588105
5740.0,0.990527,485798.5712257203
5741.0,0.989984,485615.39645679167
5742.0,0.989648,485533.6002588871
5743.0,0.988975,485286.29608840006
5744.0,0.989984,485864.28410670167
5745.0,0.9929129999999999,487384.8120134587
5746.0,0.9939379999999999,487970.97902845853
5747.0,0.9892110000000001,485732.822168653
5748.0,0.98282,482676.5763539686
5749.0,0.9847379999999999,483700.5366968083
5750.0,0.9911979999999999,486956.1253267465
5751.0,0.991883,487375.07710039505
5752.0,0.984136,483650.1788473636
5753.0,0.9707180000000001,477136.4454658067
5754.0,0.9604540000000001,472170.9477905863
5755.0,0.9662069999999999,475079.14504144
5756.0,0.983563,483694.3052940013
5757.0,0.99351,488668.0546879532
5758.0,0.994933,489450.03915074974
5759.0,0.993339,488747.73129517795
5760.0,0.98975,487063.3195603561
5761.0,0.983627,484131.0220638074
5762.0,0.974584,479760.1984705093
5763.0,0.9712270000000001,478187.3286925959
5764.0,0.981874,483509.8940531023
5765.0,0.9925120000000001,488829.68513592327
5766.0,0.9954700000000001,490367.9666349063
5767.0,0.99559,490508.4155475296
5768.0,0.994503,490054.0323336508
5769.0,0.992949,489369.2265483652
5770.0,0.992566,489261.29671169835
5771.0,0.9918469999999999,488987.5673928058
5772.0,0.990742,488523.30238436593
5773.0,0.9910629999999999,488762.0310049333
5774.0,0.990188,488410.79744549363
5775.0,0.989383,488093.86878699233
5776.0,0.99185,489391.16903151275
5777.0,0.993157,490116.3294465518
5778.0,0.991482,489369.7765415256
5779.0,0.989474,488458.4797795442
5780.0,0.982876,485280.52817464696
5781.0,0.96899,478502.49931324116
5782.0,0.9604520000000001,474363.50862808427
5783.0,0.969608,478963.48088449484
5784.0,0.9805649999999999,484454.6342497623
5785.0,0.9828,485637.5982425557
5786.0,0.984864,486736.32349156635
5787.0,0.9882290000000001,488478.3732175893
5788.0,0.989576,489223.2226600203
5789.0,0.9891059999999999,489069.77372018335
5790.0,0.9846860000000001,486962.7462334899
5791.0,0.980542,484991.44288653845
5792.0,0.984223,486890.38468603784
5793.0,0.988467,489068.3840401764
5794.0,0.9907100000000001,490256.7684578299
5795.0,0.992516,491229.1366335297
5796.0,0.991074,490593.90439767437
5797.0,0.9854930000000001,487909.17423489783
5798.0,0.983189,486846.1498027448
5799.0,0.989015,489809.0534956131
5800.0,0.994476,492591.99540565436
5801.0,0.995978,493414.39534294425
5802.0,0.9949680000000001,492992.28543374233
5803.0,0.9901690000000001,490692.23788536893
5804.0,0.984268,487845.15264678426
5805.0,0.9823850000000001,486988.86330227525
5806.0,0.9839399999999999,487836.75164441287
5807.0,0.9875450000000001,489701.34689931275
5808.0,0.9898049999999999,490899.3598030495
5809.0,0.9902920000000001,491218.1721382972
5810.0,0.991519,491904.09720618837
5811.0,0.9920459999999999,492242.79490271676
5812.0,0.991933,492263.87762736616
5813.0,0.9922770000000001,492511.68651195336
5814.0,0.992308,492604.082628808
5815.0,0.990409,491738.15248010616
5816.0,0.987706,490472.5940244197
5817.0,0.9894879999999999,491434.02879387455
5818.0,0.994017,493760.1766125067
5819.0,0.9960690000000001,494856.34125013696
5820.0,0.996275,495035.4840260469
5821.0,0.996316,495132.5734506325
5822.0,0.9958790000000001,494991.9978037679
5823.0,0.9949979999999999,494630.548906088
5824.0,0.995067,494741.21292649047
5825.0,0.995721,495142.70483876276
5826.0,0.9954559999999999,495087.1489937412
5827.0,0.995239,495055.34297876747
5828.0,0.9958530000000001,495436.8403624283
5829.0,0.9964209999999999,495795.4570617735
5830.0,0.99524,495283.68020141794
5831.0,0.993015,494252.00885596214
5832.0,0.992337,493990.0171228495
5833.0,0.9916379999999999,493717.3812770012
5834.0,0.9900709999999999,493012.3275460987
5835.0,0.991549,493823.45927689277
5836.0,0.994886,495560.71234054957
5837.0,0.995819,496100.75117953
5838.0,0.9949309999999999,495733.5153088336
5839.0,0.9950469999999999,495866.38769127254
5840.0,0.9955430000000001,496188.58772629785
5841.0,0.995419,496201.715942189
5842.0,0.9957090000000001,496421.1439012579
5843.0,0.9965120000000001,496896.3298567806
5844.0,0.996693,497061.35268921003
5845.0,0.9950709999999999,496327.00668962696
5846.0,0.990533,494137.65540250175
5847.0,0.9867239999999999,492311.2638022007
5848.0,0.988665,493353.52460075525
5849.0,0.9928899999999999,495535.89895590744
5850.0,0.994836,496581.23485772585
5851.0,0.992498,495488.05967058346
5852.0,0.97869,488667.3929238838
5853.0,0.953261,476041.2738068927
5854.0,0.9487680000000001,473867.9108692668
5855.0,0.9705739999999999,484830.9430917377
5856.0,0.975844,487535.6672633988
5857.0,0.960649,480015.17678177037
5858.0,0.958923,479223.51669870835
5859.0,0.9723700000000001,486015.37291646295
5860.0,0.9821129999999999,490957.5009861524
5861.0,0.984758,492352.1725441751
5862.0,0.980949,490519.85033176217
5863.0,0.9828600000000001,491547.56899386935
5864.0,0.988791,494586.2594353262
5865.0,0.98405,492286.89407106047
5866.0,0.970326,485492.20304824197
5867.0,0.9705520000000001,485676.174743061
5868.0,0.984485,492720.2481750424
5869.0,0.992906,497007.19287555164
5870.0,0.995174,498214.8972100275
5871.0,0.9952209999999999,498310.783731121
5872.0,0.994041,497792.13962739985
5873.0,0.9933280000000001,497507.1357779738
5874.0,0.9944709999999999,498151.6536190879
5875.0,0.995944,498961.5800227249
5876.0,0.9959100000000001,499016.528237332
5877.0,0.994561,498412.39003778266
5878.0,0.9928170000000001,497609.99436445365
5879.0,0.990598,496569.1536616523
5880.0,0.9876530000000001,495163.92599691486
5881.0,0.987959,495388.326657269
5882.0,0.9900540000000001,496509.8666236838
5883.0,0.988092,495596.7555799523
5884.0,0.986541,494889.453787012
5885.0,0.990577,496984.9141072353
5886.0,0.994375,498961.44245926704
5887.0,0.99254,498111.4774566698
5888.0,0.973424,488587.37326880323
5889.0,0.921544,462613.0095998349
5890.0,0.886278,444972.558891973
5891.0,0.9214950000000001,462719.3437818005
5892.0,0.9590040000000001,481622.1153101647
5893.0,0.9668,485605.82965351327
5894.0,0.9623389999999999,483433.23321673647
5895.0,0.9259729999999999,465230.1189397723
5896.0,0.8991600000000001,451822.11084375094
5897.0,0.934875,469834.56913338223
5898.0,0.97015,487630.82115642505
5899.0,0.974484,489877.7664780295
5900.0,0.9796799999999999,492558.6304510278
5901.0,0.9892620000000001,497445.61979334307
5902.0,0.9923040000000001,499044.8032567624
5903.0,0.9912920000000001,498605.2266243498
5904.0,0.990352,498201.6444687522
5905.0,0.9891209999999999,497651.43779840996
5906.0,0.988433,497374.21035017725
5907.0,0.990726,498597.03429168597
5908.0,0.99192,499266.92971544893
5909.0,0.98745,497085.6307430123
5910.0,0.983118,494973.1068056956
5911.0,0.9864569999999999,496722.56993814063
5912.0,0.988593,497866.5679272122
5913.0,0.9810770000000001,494149.2547423643
5914.0,0.9710989999999999,489190.5889281741
5915.0,0.9705540000000001,488982.9831194878
5916.0,0.974424,490999.8827227604
5917.0,0.9808100000000001,494285.18650913687
5918.0,0.98561,496771.902375961
5919.0,0.9877819999999999,497934.43680842116
5920.0,0.989878,499058.8696100929
5921.0,0.986786,497567.55853478273
5922.0,0.982025,495234.06644818804
5923.0,0.985584,497096.1754889492
5924.0,0.9917950000000001,500296.44988179696
5925.0,0.9948040000000001,501882.06745978526
5926.0,0.995653,502378.13658406254
5927.0,0.9938040000000001,501512.7201222218
5928.0,0.9902709999999999,499797.04175995477
5929.0,0.985766,497590.1594081217
5930.0,0.9834299999999999,496477.587893756
5931.0,0.9880180000000001,498860.61759801605
5932.0,0.9924620000000001,501171.467566559
5933.0,0.9898680000000001,499928.3242313519
5934.0,0.9826239999999999,496335.9734656464
5935.0,0.980982,495572.58369226835
5936.0,0.9862860000000001,498318.33851268113
5937.0,0.988698,499603.3537163854
5938.0,0.989778,500215.44147345197
5939.0,0.9919319999999999,501370.4425212342
5940.0,0.989662,500289.2491210368
5941.0,0.9835299999999999,497255.1115362589
5942.0,0.9822290000000001,496662.8621455819
5943.0,0.986557,498917.02881351515
5944.0,0.990065,500756.94797833177
5945.0,0.992842,502227.4756194216
5946.0,0.994917,503343.13687158487
5947.0,0.991942,501903.78617187403
5948.0,0.98219,497034.4766799968
5949.0,0.9771700000000001,494558.7228818126
5950.0,0.9843719999999999,498268.7476837399
5951.0,0.9900530000000001,501209.64166234276
5952.0,0.984824,498627.3473570234
5953.0,0.9790770000000001,495781.9792262957
5954.0,0.9833350000000001,498002.73197170784
5955.0,0.983499,498150.31713729183
5956.0,0.9699129999999999,491332.452865365
5957.0,0.9649610000000001,488887.05099176825
5958.0,0.978722,495922.88300099154
5959.0,0.99026,501833.8818267917
5960.0,0.994159,503874.59083494166
5961.0,0.995886,504814.7380015884
5962.0,0.996767,505326.1344490742
5963.0,0.9961969999999999,505101.8617327366
5964.0,0.9938819999999999,503992.55139868706
5965.0,0.9885809999999999,501368.4792685133
5966.0,0.985617,499929.02205546416
5967.0,0.989977,502204.4845541026
5968.0,0.994693,504661.0456638246
5969.0,0.9965629999999999,505674.02066096483
5970.0,0.9972129999999999,506068.02521738433
5971.0,0.997064,506056.5007729522
5972.0,0.996232,505698.1761714538
5973.0,0.9951180000000001,505196.4977688225
5974.0,0.9923059999999999,503832.45320774283
5975.0,0.9865860000000001,500991.27548122365
5976.0,0.982282,498868.42424203776
5977.0,0.98229,498935.13886816596
5978.0,0.983936,499833.8677305885
5979.0,0.9871719999999999,501540.5366790554
5980.0,0.992293,504205.34420345817
5981.0,0.9954290000000001,505861.9728246387
5982.0,0.995748,506087.1813982485
5983.0,0.9920979999999999,504294.8594643357
5984.0,0.984873,500684.55407535494
5985.0,0.9827049999999999,499644.4247993925
5986.0,0.987085,501933.6046070007
5987.0,0.989402,503174.08743073564
5988.0,0.990245,503665.06423898507
5989.0,0.9909819999999999,504102.14407739893
5990.0,0.989619,503470.85491179227
5991.0,0.985667,501521.9916056009
5992.0,0.986447,501980.5600327537
5993.0,0.9915860000000001,504657.6132920286
5994.0,0.994448,506176.2282436645
5995.0,0.994917,506476.9266357722
5996.0,0.994574,506364.1905079666
5997.0,0.99392,506092.9720344322
5998.0,0.9932139999999999,505795.1094161079
5999.0,0.992818,505654.96442515677
6000.0,0.992799,505706.7229176866
6001.0,0.9919100000000001,505315.18755950127
6002.0,0.986742,502743.31778183224
6003.0,0.9821989999999999,500489.2042816212
6004.0,0.985876,502423.53854253964
6005.0,0.989367,504263.44308502664
6006.0,0.9867879999999999,503009.5473774853
6007.0,0.9780620000000001,498621.479182962
6008.0,0.970033,494587.6386437924
6009.0,0.9755,497434.7237245491
6010.0,0.9881840000000001,503962.9875443969
6011.0,0.992641,506296.5368763319
6012.0,0.987591,503780.9237362883
6013.0,0.980767,500359.57038381667
6014.0,0.9810479999999999,500562.50865542184
6015.0,0.9820959999999999,501156.79543015035
6016.0,0.9740780000000001,497124.2625898514
6017.0,0.972482,496368.55895031715
6018.0,0.9829680000000001,501780.13612502714
6019.0,0.9864360000000001,503609.96511892736
6020.0,0.9799709999999999,500368.39038189495
6021.0,0.972691,496709.77308196423
6022.0,0.971342,496079.2535853149
6023.0,0.975582,498303.21602037735
6024.0,0.9784280000000001,499815.5028133522
6025.0,0.9845010000000001,502976.70886326866
6026.0,0.9876780000000001,504658.835563133
6027.0,0.9862209999999999,503973.2198776562
6028.0,0.9887469999999999,505322.9579901655
6029.0,0.992872,507490.21884956356
6030.0,0.9942559999999999,508256.7092871248
6031.0,0.993649,508005.3796133677
6032.0,0.9940829999999999,508286.1723375441
6033.0,0.995152,508891.6559110205
6034.0,0.994974,508859.43180249573
6035.0,0.995217,509042.44247512176
6036.0,0.9958629999999999,509431.5545715272
6037.0,0.995714,509413.9344082374
6038.0,0.9949309999999999,509071.81982205075
6039.0,0.993108,508197.3392456136
6040.0,0.992032,507704.8658126805
6041.0,0.993081,508299.84843561397
6042.0,0.9937459999999999,508698.30358907476
6043.0,0.9938950000000001,508832.58533957036
6044.0,0.994518,509209.4995377861
6045.0,0.995064,509546.97584675683
6046.0,0.994518,509325.1860273475
6047.0,0.9937549999999999,508992.10672851687
6048.0,0.9941180000000001,509235.65037850844
6049.0,0.995138,509815.7409183609
6050.0,0.9957879999999999,510206.2939940084
6051.0,0.9947540000000001,509733.9226942783
6052.0,0.993287,509039.4478496154
6053.0,0.993682,509299.06802907365
6054.0,0.994077,509558.6532337629
6055.0,0.991612,508352.0182613992
6056.0,0.988833,506984.0295842745
6057.0,0.9903299999999999,507808.23300830834
6058.0,0.993165,509318.68592120893
6059.0,0.9940700000000001,509839.5222616328
6060.0,0.993066,509381.1831022325
6061.0,0.992173,508979.59184063907
6062.0,0.9909899999999999,508429.03396691894
6063.0,0.986152,506002.8506713906
6064.0,0.9708760000000001,498219.62245437066
6065.0,0.948307,486691.66062344227
6066.0,0.952617,488957.4729165889
6067.0,0.979784,502956.98308847635
6068.0,0.9946379999999999,510638.0957669726
6069.0,0.9971180000000001,511967.40584732866
6070.0,0.996921,511922.2660854755
6071.0,0.9971040000000001,512072.1765784328
6072.0,0.9976139999999999,512389.9796456263
6073.0,0.997865,512574.71870364505
6074.0,0.997585,512486.61643618206
6075.0,0.996501,511985.3211798852
6076.0,0.995458,511504.8924233052
6077.0,0.993814,510715.4171120427
6078.0,0.9901190000000001,508871.5680218228
6079.0,0.98919,508448.96818455396
6080.0,0.990933,509399.7563409574
6081.0,0.987935,507913.23378328426
6082.0,0.982785,505319.8041441859
6083.0,0.981341,504631.45045413455
6084.0,0.979498,503737.66072649066
6085.0,0.9753729999999999,501669.8740145055
6086.0,0.979358,503773.2697149418
6087.0,0.9885790000000001,508570.6643253244
6088.0,0.9934120000000001,511111.36015871493
6089.0,0.990246,509536.5754172433
6090.0,0.982777,505746.9982892845
6091.0,0.9825520000000001,505684.7584887241
6092.0,0.9876790000000001,508377.1920215232
6093.0,0.9905709999999999,509919.58576531685
6094.0,0.993468,511464.7886341367
6095.0,0.995973,512808.3926924574
6096.0,0.9950559999999999,512390.0778131317
6097.0,0.9932629999999999,511520.45324903267
6098.0,0.993516,511704.3357115216
6099.0,0.994183,512101.4167378446
6100.0,0.992768,511425.94489480235
6101.0,0.9818610000000001,505859.91394476074
6102.0,0.956664,492929.5854104402
6103.0,0.9481350000000001,488585.7073858225
6104.0,0.9711799999999999,500513.0025306036
6105.0,0.9893879999999999,509949.59986676904
6106.0,0.9894440000000001,510031.20368498727
6107.0,0.9779700000000001,504168.7228818854
6108.0,0.969477,499841.8846261484
6109.0,0.9788290000000001,504715.5197503345
6110.0,0.990137,510598.7487123529
6111.0,0.9911770000000001,511187.5002217189
6112.0,0.990741,511014.9760191472
6113.0,0.9925719999999999,512011.74427564465
6114.0,0.994216,512912.1542953802
6115.0,0.9936389999999999,512666.7365410373
6116.0,0.991718,511727.67382709513
6117.0,0.991825,511834.88774657453
6118.0,0.991613,511777.3965597645
6119.0,0.9865729999999999,509227.7926977712
6120.0,0.978601,505164.05527425447
6121.0,0.9606680000000001,495956.9176090539
6122.0,0.940111,485393.02681852755
6123.0,0.9540690000000001,492649.3153835952
6124.0,0.98096,506585.8173656683
6125.0,0.986246,509366.69066230673
6126.0,0.9812860000000001,506855.74949464196
6127.0,0.9812700000000001,506898.15802429756
6128.0,0.9823200000000001,507491.2099066975
6129.0,0.9818129999999999,507279.8270272941
6130.0,0.985807,509394.10745549784
6131.0,0.991432,512351.58763396955
6132.0,0.994058,513759.5917196401
6133.0,0.99465,514116.44896458974
6134.0,0.9901049999999999,511817.8043855653
6135.0,0.967569,500217.56115853094
6136.0,0.914378,472765.24281385
6137.0,0.8742409999999999,452057.4746545695
6138.0,0.9045190000000001,467759.72001005337
6139.0,0.9602280000000001,496617.55220378825
6140.0,0.9730129999999999,503279.0404551615
6141.0,0.9432,487906.2997111716
6142.0,0.9309299999999999,481606.1472873457
6143.0,0.961772,497610.36404152727
6144.0,0.9870479999999999,510737.5428881108
6145.0,0.9917790000000001,513235.360586933
6146.0,0.9904200000000001,512581.75810771034
6147.0,0.9874200000000001,511078.5768995516
6148.0,0.9837090000000001,509206.9762685981
6149.0,0.979042,506840.0164959076
6150.0,0.9734280000000001,503982.2152157586
6151.0,0.972309,503451.2418220328
6152.0,0.978825,506873.78208475804
6153.0,0.9886209999999999,511995.56740199385
6154.0,0.991001,513277.2171837131
6155.0,0.988489,512025.029832891
6156.0,0.988224,511936.54613053193
6157.0,0.986893,511295.67923394835
6158.0,0.9844510000000001,510078.9557707701
6159.0,0.9835780000000001,509674.9469882856
6160.0,0.9757790000000001,505681.4897193412
6161.0,0.9474790000000001,491061.8803011016
6162.0,0.918961,476326.43106278405
6163.0,0.929268,481714.2393899234
6164.0,0.9588540000000001,497097.77471051196
6165.0,0.975979,506023.3663438774
6166.0,0.978449,507351.5444402963
6167.0,0.9784959999999999,507423.37950740074
6168.0,0.9685299999999999,502302.16855546826
6169.0,0.94678,491067.8917629076
6170.0,0.948606,492060.7794301712
6171.0,0.9720549999999999,504271.09147727536
6172.0,0.979973,508425.8524386001
6173.0,0.971716,504188.6699243062
6174.0,0.973989,505414.7646936173
6175.0,0.9830180000000001,510147.0961012907
6176.0,0.984324,510871.9174713749
6177.0,0.984195,510851.9425600437
6178.0,0.987785,512762.42419885733
6179.0,0.986685,512238.35378439236
6180.0,0.981575,509632.1170728271
6181.0,0.985324,511625.3176578954
6182.0,0.992717,515511.1014468161
6183.0,0.9950760000000001,516783.1485035121
6184.0,0.995375,516985.4031137563
6185.0,0.9953799999999999,517034.89525374246
6186.0,0.993634,516174.69853321946
6187.0,0.989458,514051.80633520416
6188.0,0.981769,510103.17699753714
6189.0,0.9696379999999999,503845.58907005837
6190.0,0.945575,491386.1001863249
6191.0,0.9107790000000001,473346.18246463407
6192.0,0.9185139999999999,477408.9617607623
6193.0,0.964233,501216.8080594218
6194.0,0.989373,514330.7273857977
6195.0,0.9939180000000001,516739.5297608937
6196.0,0.9944290000000001,517051.20703008317
6197.0,0.993676,516705.58265087946
6198.0,0.986806,513178.72689750855
6199.0,0.9721290000000001,505590.8495593057
6200.0,0.963583,501190.4774832814
6201.0,0.973598,506444.2706421401
6202.0,0.9884940000000001,514238.11977559427
6203.0,0.994481,517398.1752050399
6204.0,0.9946809999999999,517547.6374504927
6205.0,0.992873,516652.15728974354
6206.0,0.987964,514142.6565777837
6207.0,0.9821469999999999,511160.06375605514
6208.0,0.9841639999999999,512254.4415205518
6209.0,0.989592,515124.49653450516
6210.0,0.990456,515619.00555850915
6211.0,0.988089,514431.3529241295
6212.0,0.976144,508256.360876339
6213.0,0.949358,494352.17494171986
6214.0,0.933637,486207.80215832393
6215.0,0.9439299999999999,491610.3593022271
6216.0,0.962065,501098.3269836365
6217.0,0.9742940000000001,507511.39696457447
6218.0,0.969519,505067.3134581487
6219.0,0.9516819999999999,495817.549082176
6220.0,0.954219,497181.6972689657
6221.0,0.973886,507472.090929041
6222.0,0.985675,513658.73990588775
6223.0,0.9865200000000001,514142.69390357065
6224.0,0.9826030000000001,512144.63517115667
6225.0,0.9835299999999999,512671.12143997103
6226.0,0.988749,515435.03493355756
6227.0,0.9913129999999999,516815.1633566272
6228.0,0.9871770000000001,514702.14246878587
6229.0,0.9687309999999999,505126.9976484657
6230.0,0.936193,488201.536804005
6231.0,0.9242239999999999,482000.2879969203
6232.0,0.946327,493568.6013120769
6233.0,0.9681540000000001,504994.80170085916
6234.0,0.981208,511846.3947784873
6235.0,0.988083,515475.50666964607
6236.0,0.989705,516364.46067367936
6237.0,0.985007,513955.837396296
6238.0,0.9784209999999999,510561.53483291477
6239.0,0.9746360000000001,508628.33519817854
6240.0,0.9708959999999999,506718.2226231518
6241.0,0.9699469999999999,506264.4803003871
6242.0,0.966283,504393.3713459931
6243.0,0.95819,500209.77844953176
6244.0,0.957369,499821.97939316276
6245.0,0.948127,495037.2551622107
6246.0,0.936775,489149.9085171814
6247.0,0.9506399999999999,496429.99916582083
6248.0,0.9745,508931.0651721798
6249.0,0.987294,515654.40677315765
6250.0,0.986245,515148.10093062354
6251.0,0.966722,504991.27915383445
6252.0,0.933875,487872.06054358743
6253.0,0.9209620000000001,481164.7084862503
6254.0,0.9305479999999999,486211.94769695547
6255.0,0.9418040000000001,492132.5646210785
6256.0,0.940623,491554.6714610408
6257.0,0.9332719999999999,487752.00819637673
6258.0,0.9277299999999999,484894.1686075812
6259.0,0.938636,490633.3138766863
6260.0,0.9596610000000001,501663.00223875017
6261.0,0.9666129999999999,505337.11266716546
6262.0,0.974009,509243.8625887007
6263.0,0.9817049999999999,513308.01146913756
6264.0,0.9714440000000001,507982.7337419148
6265.0,0.9561,499998.3545112871
6266.0,0.9661700000000001,505304.09366695315
6267.0,0.9843719999999999,514863.9294433546
6268.0,0.9882299999999999,516922.13661990437
6269.0,0.982241,513829.4267736147
6270.0,0.976684,510962.16132627433
6271.0,0.980187,512834.57028717216
6272.0,0.987567,516735.79652274254
6273.0,0.9898899999999999,517991.31095647387
6274.0,0.9875139999999999,516787.84897115635
6275.0,0.986992,516554.4355508467
6276.0,0.990539,518450.6315388904
6277.0,0.992966,519760.7829593869
6278.0,0.988959,517702.96716370137
6279.0,0.9702360000000001,507940.596587412
6280.0,0.9449620000000001,494746.7990472074
6281.0,0.946599,495641.5819215635
6282.0,0.9713200000000001,508624.18227638333
6283.0,0.9871120000000001,516932.7186932637
6284.0,0.989368,518153.33935091377
6285.0,0.986405,516640.55604354583
6286.0,0.987727,517371.9508396525
6287.0,0.9917360000000001,519510.9345873749
6288.0,0.99465,521076.5125850602
6289.0,0.995769,521701.812095493
6290.0,0.9934370000000001,520518.9476469516
6291.0,0.989324,518402.5888749248
6292.0,0.9847540000000001,516046.35123084835
6293.0,0.982743,515030.7917045194
6294.0,0.9871770000000001,517392.91532516305
6295.0,0.988023,517874.6515009212
6296.0,0.9767959999999999,512027.8204986252
6297.0,0.9609850000000001,503776.97919651394
6298.0,0.958815,502676.3908730085
6299.0,0.968434,507756.61845708993
6300.0,0.9640790000000001,505510.3131564425
6301.0,0.9471700000000001,496680.48965458764
6302.0,0.9430719999999999,494567.6701911717
6303.0,0.959931,503445.5796628612
6304.0,0.977406,512647.7965644606
6305.0,0.982914,515574.14633966185
6306.0,0.9857870000000001,517118.5892590148
6307.0,0.991906,520366.0692340035
6308.0,0.9945360000000001,521783.43559090176
6309.0,0.990359,519629.37725002517
6310.0,0.984651,516671.57608272013
6311.0,0.983389,516046.36995570693
6312.0,0.9840909999999999,516451.705498388
6313.0,0.9782879999999999,513442.9488007515
6314.0,0.958408,503045.01149063004
6315.0,0.9490700000000001,498179.1507909903
6316.0,0.961883,504940.69651029725
6317.0,0.95788,502874.9373472485
6318.0,0.944109,495680.3712084777
6319.0,0.958009,503013.6931651008
6320.0,0.976033,512513.4799399422
6321.0,0.97803,513598.18134847196
6322.0,0.971757,510339.78420383
6323.0,0.971807,510401.7509397143
6324.0,0.982367,515983.98206160765
6325.0,0.9888950000000001,519448.97724338615
6326.0,0.9888620000000001,519467.7612485246
6327.0,0.9844780000000001,517200.6502133069
6328.0,0.9837440000000001,516850.82745336764
6329.0,0.985915,518027.2477286662
6330.0,0.984367,517249.5525874217
6331.0,0.984814,517520.04682075465
6332.0,0.98685,518625.5790137369
6333.0,0.986158,518297.4247436359
6334.0,0.970498,510101.84335276973
6335.0,0.9418120000000001,495058.0253698321
6336.0,0.934336,491161.7561040717
6337.0,0.953155,501088.579508763
6338.0,0.9746100000000001,512402.5576471876
6339.0,0.985044,517923.29523631214
6340.0,0.989958,520542.1630832483
6341.0,0.992585,521958.6707637692
6342.0,0.990979,521149.1863173687
6343.0,0.9835969999999999,517301.75329023
6344.0,0.9761200000000001,513403.7620294308
6345.0,0.980524,515754.5672448045
6346.0,0.9873299999999999,519369.14445310284
6347.0,0.988345,519937.66166200064
6348.0,0.9893879999999999,520520.909351207
6349.0,0.990891,521346.18221295084
6350.0,0.9913959999999999,521646.366997576
6351.0,0.9921709999999999,522088.59157789324
6352.0,0.9911530000000001,521587.24479858234
6353.0,0.985302,518542.25703431
6354.0,0.9761270000000001,513747.3331618228
6355.0,0.971827,511517.64535994024
6356.0,0.978124,514865.64870740095
6357.0,0.9774700000000001,514554.9029344749
6358.0,0.959691,505228.59880069963
6359.0,0.9539219999999999,502224.0759439044
6360.0,0.9720790000000001,511816.5473739523
6361.0,0.984268,518267.725709448
6362.0,0.982273,517250.5745010868
6363.0,0.9784940000000001,515293.7289350658
6364.0,0.980217,516234.20229801745
6365.0,0.984009,518264.43638506654
6366.0,0.986109,519403.6445084186
6367.0,0.988002,520433.8850340669
6368.0,0.989185,521090.1626985337
6369.0,0.986482,519699.22312726825
6370.0,0.983851,518345.9659996961
6371.0,0.9857809999999999,519395.59669254103
6372.0,0.9906290000000001,521982.8395633253
6373.0,0.9934440000000001,523499.0362789432
6374.0,0.992576,523074.45596299117
6375.0,0.991859,522729.32743836707
6376.0,0.992878,523299.04438578396
6377.0,0.9927520000000001,523265.2445564001
6378.0,0.990693,522212.445930617
6379.0,0.989351,521537.40917217906
6380.0,0.988872,521317.17376277683
6381.0,0.9890030000000001,521418.4386156674
6382.0,0.99051,522245.1358468788
6383.0,0.9908809999999999,522472.86904954247
6384.0,0.989583,521820.46959767066
6385.0,0.9892,521650.437304785
6386.0,0.990825,522539.2850153502
6387.0,0.991711,523038.4108444109
6388.0,0.9908950000000001,522639.8165737802
6389.0,0.99039,522405.1441944247
6390.0,0.9898129999999999,522132.38886141597
6391.0,0.987042,520702.10831448226
6392.0,0.971484,512525.5474226071
6393.0,0.9415950000000001,496786.8737663453
6394.0,0.9389719999999999,495432.6834303182
6395.0,0.969464,511551.8755147031
6396.0,0.988238,521489.3786619146
6397.0,0.990563,522747.4025308409
6398.0,0.9812770000000001,517877.6935089802
6399.0,0.9467459999999999,499683.26964735275
6400.0,0.91196,481352.0262725285
6401.0,0.933406,492700.754962309
6402.0,0.974458,514400.43885037
6403.0,0.989682,522467.62294992845
6404.0,0.992136,523793.8151770469
6405.0,0.991936,523718.83968767634
6406.0,0.9886309999999999,522004.31956603116
6407.0,0.97798,516410.5597438984
6408.0,0.9689979999999999,511697.42394670134
6409.0,0.9759040000000001,515374.1099257249
6410.0,0.978678,516868.9173031382
6411.0,0.964989,509668.724636357
6412.0,0.961534,507873.1334472281
6413.0,0.9761049999999999,515598.9734733756
6414.0,0.985665,520678.5610481145
6415.0,0.987814,521843.5648649723
6416.0,0.987567,521742.7950752192
6417.0,0.986454,521184.397679937
6418.0,0.985507,520713.574092415
6419.0,0.9783700000000001,516971.82182215946
6420.0,0.959518,507039.00654393126
6421.0,0.941335,497458.54174103116
6422.0,0.9531149999999999,503712.08749034896
6423.0,0.980126,518016.15233213664
6424.0,0.9904719999999999,523513.4686776583
6425.0,0.9903370000000001,523471.2902458485
6426.0,0.991239,523977.2016241837
6427.0,0.994151,525545.6585335103
6428.0,0.994091,525543.0186491648
6429.0,0.982658,519527.44533455424
6430.0,0.9533159999999999,504042.1974256943
6431.0,0.9348559999999999,494309.08051705884
6432.0,0.951369,503067.9631596624
6433.0,0.974002,515064.06554085144
6434.0,0.987226,522085.5424155245
6435.0,0.9923270000000001,524811.7036309117
6436.0,0.992597,524982.980785474
6437.0,0.984468,520711.7462990092
6438.0,0.9595040000000001,507535.01120583963
6439.0,0.9398350000000001,497157.7562844991
6440.0,0.9582229999999999,506911.9457237467
6441.0,0.984982,521095.71352069755
6442.0,0.993836,525807.945649145
6443.0,0.9934860000000001,525650.797239477
6444.0,0.9921120000000001,524951.7358813988
6445.0,0.9934360000000001,525680.1849536658
6446.0,0.9963129999999999,527230.4585462476
6447.0,0.9963639999999999,527285.2782264623
6448.0,0.9871559999999999,522439.823341317
6449.0,0.9623389999999999,509332.48819706665
6450.0,0.9448030000000001,500077.490173996
6451.0,0.960709,508522.99281885294
6452.0,0.9827389999999999,520211.0358167523
6453.0,0.991504,524878.0573489384
6454.0,0.989848,524028.5828803066
6455.0,0.9785940000000001,518097.4758794786
6456.0,0.9694729999999999,513295.0194629148
6457.0,0.975992,516773.14449474233
6458.0,0.987287,522780.5074466805
6459.0,0.991767,525179.6053329405
6460.0,0.9904639999999999,524516.3955345296
6461.0,0.9718950000000001,514709.08930362517
6462.0,0.931602,493395.24665328
6463.0,0.9224829999999999,488590.39195642405
6464.0,0.959241,508084.8304509903
6465.0,0.985978,522273.03953773197
6466.0,0.9928030000000001,525914.6802191765
6467.0,0.99436,526765.8735233202
6468.0,0.994132,526671.4237861249
6469.0,0.9912270000000001,525158.6017522687
6470.0,0.98449,521615.2388065008
6471.0,0.972389,515229.2890658279
6472.0,0.970692,514355.56582374615
6473.0,0.983454,521143.67924418004
6474.0,0.989376,524307.6184004499
6475.0,0.985088,522060.86932810093
6476.0,0.98431,521674.09394225455
6477.0,0.989701,524556.8768500797
6478.0,0.991866,525729.9577136709
6479.0,0.9916729999999999,525653.1845627162
6480.0,0.988483,523987.6461392907
6481.0,0.974734,516724.3575269791
6482.0,0.959757,508809.28291008953
6483.0,0.962298,510180.88555410726
6484.0,0.976493,517731.44148856465
6485.0,0.9874139999999999,523546.7108044051
6486.0,0.991107,525529.8524928853
6487.0,0.9925510000000001,526320.5349363738
6488.0,0.9939110000000001,527066.677955063
6489.0,0.99275,526475.8834058152
6490.0,0.985691,522756.9845919256
6491.0,0.972095,515570.63392785285
6492.0,0.960741,509572.6873507688
6493.0,0.939873,498527.693651662
6494.0,0.903782,479406.63906181726
6495.0,0.8884610000000001,471301.59601028735
6496.0,0.896215,475436.89308124734
6497.0,0.9063319999999999,480826.12628249335
6498.0,0.907651,481548.07465503144
6499.0,0.8157300000000001,432799.90376335033
6500.0,0.585723,310779.88640010124
6501.0,0.363057,192643.91193934393
6502.0,0.28215500000000004,149722.8265103221
6503.0,0.309621,164304.86091103428
6504.0,0.403495,214130.15985350686
6505.0,0.47087799999999996,249900.8358238159
6506.0,0.443863,235574.2524239941
6507.0,0.371037,196931.69112189097
6508.0,0.329515,174901.29975794736
6509.0,0.364359,193404.578413251
6510.0,0.453826,240905.0857219972
6511.0,0.497816,264268.09628024243
6512.0,0.456769,242488.83180134717
6513.0,0.419545,222737.24738434135
6514.0,0.41855600000000004,222221.97025838512
6515.0,0.42418999999999996,225223.0916184201
6516.0,0.411392,218437.5736658757
6517.0,0.365494,194075.49853966548
6518.0,0.303646,161241.53511537937
6519.0,0.23177899999999999,123084.19524053413
6520.0,0.15726199999999999,83516.21251285679
6521.0,0.158002,83912.81985079595
6522.0,0.273409,145210.2314182535
6523.0,0.391729,208060.07922926318
6524.0,0.405947,215620.9430668839
6525.0,0.349034,185399.19896533855
6526.0,0.343114,182262.37148715922
6527.0,0.43318599999999996,230118.42558811212
6528.0,0.5054420000000001,268513.8288238683
6529.0,0.492284,261534.71573755526
6530.0,0.43356000000000006,230346.20949744704
6531.0,0.403431,214347.93931687492
6532.0,0.44312700000000005,235448.74893645622
6533.0,0.502638,267080.1224843571
6534.0,0.531354,282350.2788860863
6535.0,0.544099,289134.6616538483
6536.0,0.48445699999999997,257451.4694814873
6537.0,0.36601500000000003,194516.6931041019
6538.0,0.348381,185152.78739029626
6539.0,0.42298199999999997,224809.89569507088
6540.0,0.44543699999999997,236754.1041883446
6541.0,0.405954,215777.2669353644
6542.0,0.378855,201381.45152982656
6543.0,0.403104,214279.72348078238
6544.0,0.449808,239115.98853959987
6545.0,0.48904899999999996,259986.76079313122
6546.0,0.46756800000000004,248577.03358613115
6547.0,0.376367,200099.06786446748
6548.0,0.348236,185150.31162995502
6549.0,0.414919,220613.10305227022
6550.0,0.46196099999999996,245635.10726903717
6551.0,0.48590500000000003,258376.84080896727
6552.0,0.509776,271080.72410822427
6553.0,0.469314,249574.23197163094
6554.0,0.416524,221509.92572694496
6555.0,0.433068,230317.07089150214
6556.0,0.43123500000000003,229351.1147970596
6557.0,0.34786100000000003,185016.03075862574
6558.0,0.271135,144213.49840828517
6559.0,0.269217,143198.82899941137
6560.0,0.341496,181651.59266831607
6561.0,0.429724,228591.32620183428
6562.0,0.46533900000000006,247546.09774602333
6563.0,0.42043400000000003,223666.4799282411
6564.0,0.340161,180968.91378703126
6565.0,0.311319,165630.9221791925
6566.0,0.295804,157382.38221529487
6567.0,0.270877,144125.36778429511
6568.0,0.298064,158596.64451652695
6569.0,0.372798,198369.16296713075
6570.0,0.432292,230034.96313174343
6571.0,0.436122,232081.57151455033
6572.0,0.39700100000000005,211271.1610546955
6573.0,0.394109,209739.81187332724
6574.0,0.41171800000000003,219119.094961198
6575.0,0.38959299999999997,207351.5624002411
6576.0,0.400419,213121.16730770687
6577.0,0.43158900000000006,229719.5546797028
6578.0,0.409659,218054.84188927533
6579.0,0.39369,209562.32095735738
6580.0,0.41608900000000004,221493.29279498383
6581.0,0.436018,232110.20693371893
6582.0,0.441708,235147.5766315003
6583.0,0.44070600000000004,234622.4547640554
6584.0,0.465369,247761.24601811703
6585.0,0.5140100000000001,273667.2052139017
6586.0,0.49681099999999995,264519.4438731776
6587.0,0.407188,216808.60968092133
6588.0,0.352315,187597.82135771355
6589.0,0.345493,183971.67345390463
6590.0,0.339174,180613.10384211142
6591.0,0.336471,179179.89810721172
6592.0,0.329948,175712.2488780645
6593.0,0.324115,172611.80943165452
6594.0,0.351846,187386.7061320144
6595.0,0.387642,206458.00030159065
6596.0,0.390305,207883.33942137664
6597.0,0.384858,204989.0744185256
6598.0,0.36735300000000004,195671.85399099538
6599.0,0.296074,157710.11944150427
6600.0,0.229773,122397.55763559569
6601.0,0.227318,121093.8253023165
6602.0,0.286515,152633.51235122047
6603.0,0.39071,208147.5824417974
6604.0,0.46983400000000003,250308.46846579577
6605.0,0.46519399999999994,247844.57107397224
6606.0,0.439999,234428.89854267758
6607.0,0.469721,250272.73160657738
6608.0,0.526875,280734.1177290191
6609.0,0.536913,286091.87084640714
6610.0,0.49410299999999996,263289.1915966351
6611.0,0.48437700000000006,258114.82125843733
6612.0,0.515706,274818.17509762914
6613.0,0.5235350000000001,278999.0811858804
6614.0,0.509374,271461.07098415133
6615.0,0.5262319999999999,280454.05188325496
6616.0,0.518196,276179.9517832254
6617.0,0.442796,236001.82321050795
6618.0,0.395485,210792.5263874765
6619.0,0.39477199999999996,210419.02614427512
6620.0,0.38219899999999996,203723.73524712655
6621.0,0.34992199999999996,186524.8499277569
6622.0,0.33575900000000003,178980.7935989068
6623.0,0.38159299999999996,203419.42827740224
6624.0,0.43166099999999996,230116.65576568397
6625.0,0.41894499999999996,223344.57726895396
6626.0,0.391315,208620.99098246667
6627.0,0.387073,206365.6655242793
6628.0,0.371992,198331.25855452885
6629.0,0.355454,189519.51024540496
6630.0,0.36449699999999996,194346.79273385849
6631.0,0.39960100000000004,213070.25935001933
6632.0,0.431309,229983.97994656602
6633.0,0.419804,223855.81588393814
6634.0,0.402344,214551.7356796752
6635.0,0.424005,226109.1423019989
6636.0,0.432113,230439.57564404426
6637.0,0.42889700000000003,228731.13320794175
6638.0,0.457766,244134.01463422703
6639.0,0.48482200000000003,258570.82091189953
6640.0,0.503657,268623.77850578894
6641.0,0.516044,275238.15928596596
6642.0,0.470526,250967.69345486423
6643.0,0.355023,189366.39525083473
6644.0,0.264471,141070.64701486335
6645.0,0.272809,145522.25687799833
6646.0,0.324119,172896.93476090438
6647.0,0.35334299999999996,188491.3044631789
6648.0,0.409951,218694.948325788
6649.0,0.49198000000000003,262461.8413236932
6650.0,0.525419,280308.56462978345
6651.0,0.512629,273492.6030301898
6652.0,0.471095,251340.61714303942
6653.0,0.45589700000000005,243238.67787421017
6654.0,0.46150399999999997,246236.84375655575
6655.0,0.44050200000000006,235037.44976872185
6656.0,0.384079,204937.4406997175
6657.0,0.312246,166613.0993428631
6658.0,0.277935,148308.8142206069
6659.0,0.28936300000000004,154410.96327353566
6660.0,0.29839299999999996,159233.75093683557
6661.0,0.284435,151789.18895157412
6662.0,0.301845,161084.23916626693
6663.0,0.35646,190235.285761907
6664.0,0.381779,203752.74394720336
6665.0,0.380744,203205.56865994362
6666.0,0.397825,212327.2157058023
6667.0,0.42144899999999996,224941.52062997335
6668.0,0.398867,212894.1171102969
6669.0,0.380891,203304.58327253285
6670.0,0.453592,242115.55868754728
6671.0,0.549095,293099.85587423685
6672.0,0.581256,310274.6665815815
6673.0,0.553017,295207.9527884571
6674.0,0.517695,276359.3697627548
6675.0,0.536891,286613.701937081
6676.0,0.590498,315238.9025583784
6677.0,0.584271,311922.1442404439
6678.0,0.5272100000000001,281466.01643723226
6679.0,0.466291,248948.64153989137
6680.0,0.409979,218889.3791768092
6681.0,0.372338,198797.4178628037
6682.0,0.35047,187126.14714233569
6683.0,0.338629,180808.13840375905
6684.0,0.332756,177676.45109741052
6685.0,0.347441,185521.88210985914
6686.0,0.392558,209617.70255250437
6687.0,0.44364799999999993,236904.14070163216
6688.0,0.48214799999999997,257468.7012249186
6689.0,0.50374,269005.03551395575
6690.0,0.46316,247340.29036075083
6691.0,0.367805,196422.50670806743
6692.0,0.30856999999999996,164792.35882080952
6693.0,0.333831,178287.0227467271
6694.0,0.394442,210661.839048917
6695.0,0.426925,228015.256182051
6696.0,0.446424,238434.66920515485
6697.0,0.479656,256189.45565196688
6698.0,0.520094,277793.87369636126
6699.0,0.5062439999999999,270402.13122009754
6700.0,0.45872799999999997,245027.49618201563
6701.0,0.460976,246233.529067542
6702.0,0.47250699999999995,252398.26975339281
6703.0,0.481488,257201.08541641448
6704.0,0.526487,281244.56232777773
6705.0,0.556793,297439.98644752894
6706.0,0.551586,294664.5392264626
6707.0,0.540003,288482.728738646
6708.0,0.5135069999999999,274333.57827730564
6709.0,0.47840299999999997,255585.0226152756
6710.0,0.45498900000000003,243081.13734339536
6711.0,0.443543,236970.83531860742
6712.0,0.422652,225813.9960611753
6713.0,0.381004,203566.43530164135
6714.0,0.372582,199070.61842786684
6715.0,0.430704,230129.77422010267
6716.0,0.46393999999999996,247893.01265838536
6717.0,0.447908,239331.4647034419
6718.0,0.468257,250209.4570943453
6719.0,0.503736,269172.5973566708
6720.0,0.5126069999999999,273918.1142426553
6721.0,0.493701,263820.502540221
6722.0,0.45772399999999996,244600.01967100304
6723.0,0.44855900000000004,239706.9332722577
6724.0,0.45782799999999996,244664.8269083452
6725.0,0.446563,238649.23485576158
6726.0,0.433518,231682.11812552763
6727.0,0.41271499999999994,220568.58456911577
6728.0,0.36678499999999997,196025.66807826894
6729.0,0.33358499999999996,178285.41432410042
6730.0,0.360709,192785.4062915371
6731.0,0.419444,224181.09701491258
6732.0,0.455916,243678.72619179485
6733.0,0.42658199999999996,228004.30016808485
6734.0,0.347794,185896.0999031298
6735.0,0.302774,161835.727269529
6736.0,0.307759,164503.1321876903
6737.0,0.361654,193314.40520550316
6738.0,0.415383,222037.91988494789
6739.0,0.41842700000000005,223668.88381899046
6740.0,0.44056300000000004,235505.6227690193
6741.0,0.44923100000000005,240143.21413825388
6742.0,0.428566,229100.2735697213
6743.0,0.451866,241559.87907886406
6744.0,0.524509,280398.2376894334
6745.0,0.6042529999999999,323034.0470599805
6746.0,0.614665,328605.68092728447
6747.0,0.540212,288807.0971761849
6748.0,0.471959,252321.87877985396
6749.0,0.471533,252098.16500071247
6750.0,0.5057590000000001,270400.8914925141
6751.0,0.5103979999999999,272885.41344383004
6752.0,0.48420100000000005,258883.18952085593
6753.0,0.46556899999999996,248925.26955046723
6754.0,0.485703,259694.30835832597
6755.0,0.5541510000000001,296296.439793373
6756.0,0.620085,331555.4385256431
6757.0,0.652659,348977.8252569213
6758.0,0.673636,360199.67080560606
6759.0,0.684918,366237.7250166956
6760.0,0.6693279999999999,357906.77353364683
6761.0,0.654562,350016.15719856665
6762.0,0.664393,355278.3002479476
6763.0,0.644306,344541.9387240049
6764.0,0.5835600000000001,312062.5611710474
6765.0,0.5666100000000001,303002.75386879855
6766.0,0.6106600000000001,326563.7345646189
6767.0,0.6521779999999999,348771.2818252186
6768.0,0.672337,359556.9017341484
6769.0,0.668285,357394.88102996553
6770.0,0.629459,336635.5765119302
6771.0,0.568312,303938.2035040851
6772.0,0.5459350000000001,291974.72496562504
6773.0,0.571631,305721.4423058607
6774.0,0.58832,314651.2770616023
6775.0,0.5914729999999999,316341.7570513378
6776.0,0.56224,300710.7835807831
6777.0,0.538829,288193.2742015774
6778.0,0.543325,290601.69150186336
6779.0,0.533098,285135.3249718657
6780.0,0.529848,283400.58726972813
6781.0,0.532524,284835.4631581624
6782.0,0.525308,280979.2632998789
6783.0,0.53561,286493.1646660097
6784.0,0.565875,302685.3359919259
6785.0,0.576303,308266.9696317941
6786.0,0.5616680000000001,300442.2363537656
6787.0,0.539089,288367.90307961864
6788.0,0.542376,290129.58082548005
6789.0,0.595878,318752.7560924562
6790.0,0.651382,348447.50074738474
6791.0,0.660802,353490.6294780114
6792.0,0.669938,358381.9092985964
6793.0,0.7013659999999999,375198.45193383686
6794.0,0.715253,382631.59896252735
6795.0,0.684228,366038.49050006515
6796.0,0.6574720000000001,351728.7731633052
6797.0,0.665801,356188.38488257566
6798.0,0.677966,362700.2482882922
6799.0,0.673765,360456.5874132705
6800.0,0.6834439999999999,365638.5597668812
6801.0,0.6684869999999999,357640.34767632396
6802.0,0.604057,323173.62157821434
6803.0,0.598913,320424.7972968176
6804.0,0.632939,338632.4578424806
6805.0,0.600214,321127.2415139569
6806.0,0.542724,290371.71489362523
6807.0,0.519606,278005.6663796355
6808.0,0.523386,280030.76952166564
6809.0,0.5462229999999999,292252.17412557476
6810.0,0.552875,295814.0439781708
6811.0,0.551963,295328.81644470926
6812.0,0.560512,299905.7201486376
6813.0,0.545108,291666.3451946622
6814.0,0.508981,272338.6106952236
6815.0,0.495483,265118.6271693456
6816.0,0.505848,270667.0013350215
6817.0,0.520786,278662.3654319252
6818.0,0.546177,292251.07957610465
6819.0,0.568036,303950.0567152157
6820.0,0.5657220000000001,302714.3729420908
6821.0,0.545219,291745.7344581784
6822.0,0.484149,259069.37989395618
6823.0,0.43595500000000004,233282.50844608308
6824.0,0.48350699999999996,258729.94764244856
6825.0,0.550791,294736.65127394616
6826.0,0.557301,298222.5373536053
6827.0,0.529895,283559.20053113415
6828.0,0.507826,271751.5882731198
6829.0,0.48262700000000003,258268.81152959488
6830.0,0.49538999999999994,265100.6120962451
6831.0,0.551706,295239.391272213
6832.0,0.566042,302913.27351556864
6833.0,0.529863,283554.3075574181
6834.0,0.49067700000000003,262585.84921645676
6835.0,0.46115500000000004,246788.804756233
6836.0,0.43429399999999996,232415.5772252686
6837.0,0.43983999999999995,235385.09012466925
6838.0,0.48221099999999995,258062.03608966648
6839.0,0.49633999999999995,265625.0419012613
6840.0,0.47656899999999996,255045.8233284059
6841.0,0.47415,253752.7887236571
6842.0,0.475933,254708.52679341444
6843.0,0.48886,261628.30005911173
6844.0,0.513725,274937.14715067326
6845.0,0.530692,284019.21429491206
6846.0,0.515764,276031.484088607
6847.0,0.471395,252287.03661524956
6848.0,0.407839,218273.5140785516
6849.0,0.352279,188539.05237812048
6850.0,0.38682,207026.39429151863
6851.0,0.479671,256721.62168852624
6852.0,0.550635,294703.2598091798
6853.0,0.564425,302085.211507885
6854.0,0.542684,290450.60949734465
6855.0,0.5516310000000001,295240.50879330735
6856.0,0.545331,291869.9798606739
6857.0,0.46870500000000004,250859.61069177787
6858.0,0.338177,180999.38332848623
6859.0,0.212508,113739.19168232835
6860.0,0.151544,81110.18278688606
6861.0,0.171037,91543.69532223862
6862.0,0.27516,147273.75502631158
6863.0,0.405091,216817.4832843968
6864.0,0.47474799999999995,254101.0435357156
6865.0,0.48256000000000004,258283.21273306065
6866.0,0.463801,248243.59445330338
6867.0,0.43176000000000003,231094.83591786862
6868.0,0.375235,200841.10243354941
6869.0,0.308849,165309.12662089162
6870.0,0.264963,141819.90661047478
6871.0,0.24629,131825.68218506675
6872.0,0.25216,134967.9606344897
6873.0,0.302603,161967.88670264118
6874.0,0.37933,203036.45833346673
6875.0,0.453157,242552.9931320499
6876.0,0.5089319999999999,272407.31550280156
6877.0,0.522995,279935.2326739329
6878.0,0.49621000000000004,265599.04598112963
6879.0,0.42606700000000003,228055.11914061062
6880.0,0.364106,194890.48957578078
6881.0,0.39153499999999997,209572.47429289224
6882.0,0.44645200000000007,238967.7079915033
6883.0,0.430133,230233.20480372518
6884.0,0.401606,214964.17794445757
6885.0,0.412238,220655.41294591024
6886.0,0.42267200000000005,226240.66007790866
6887.0,0.40307,215748.72033224118
6888.0,0.387863,207609.21856428473
6889.0,0.441263,236192.5956351833
6890.0,0.49083999999999994,262729.68963024154
6891.0,0.45968400000000004,246053.18358403104
6892.0,0.404388,216455.29380352877
6893.0,0.394594,211213.0443657084
6894.0,0.42513,227558.08728111174
6895.0,0.461791,247181.6375973698
6896.0,0.50948,272708.1110905176
6897.0,0.563809,301788.7523992317
6898.0,0.600186,321260.2497387487
6899.0,0.627318,335783.16880168644
6900.0,0.665313,356120.67000193126
6901.0,0.6493760000000001,347590.0693579232
6902.0,0.573231,306832.0385344057
6903.0,0.535075,286408.27599817247
6904.0,0.531558,284525.62367510947
6905.0,0.520502,278607.56608531385
6906.0,0.511973,274042.10597162554
6907.0,0.51384,275041.2530356374
6908.0,0.526347,281735.5999809615
6909.0,0.503287,269392.12213043415
6910.0,0.504096,269824.8780267543
6911.0,0.571446,305874.6255533495
6912.0,0.571028,305650.5133499331
6913.0,0.472433,252875.86392046377
6914.0,0.41784,223653.93868775674
6915.0,0.45873500000000006,245543.11179193013
6916.0,0.508115,271973.87672236265
6917.0,0.52822,282734.8026503225
6918.0,0.59185,316792.79193939967
6919.0,0.656143,351205.4979053928
6920.0,0.642165,343722.97365546605
6921.0,0.618055,330817.23885487317
6922.0,0.619931,331820.6413246964
6923.0,0.582503,311786.4256843857
6924.0,0.540116,289097.9610694371
6925.0,0.5596869999999999,299572.6156155388
6926.0,0.5851529999999999,313202.47847293457
6927.0,0.59326,317540.87754715106
6928.0,0.637712,341332.7331480611
6929.0,0.694863,371921.48606205545
6930.0,0.71228,381242.68601258524
6931.0,0.6721630000000001,359769.2320576547
6932.0,0.603543,323039.9516832235
6933.0,0.5598350000000001,299644.7171672271
6934.0,0.605169,323908.0700438717
6935.0,0.683032,365581.84434975084
6936.0,0.685683,366999.422713976
6937.0,0.6463760000000001,345959.7771440078
6938.0,0.6257560000000001,334922.0590798628
6939.0,0.580584,310743.5295209238
6940.0,0.479789,256794.41610134704
6941.0,0.42108100000000004,225371.58023649213
6942.0,0.43884300000000004,234877.19492719162
6943.0,0.446546,238998.9588047244
6944.0,0.46162299999999995,247067.33506529825
6945.0,0.513093,274613.5895139403
6946.0,0.557661,298465.54893437703
6947.0,0.627394,335785.7444650434
6948.0,0.704334,376962.7715208679
6949.0,0.706503,378121.7776017851
6950.0,0.688565,368519.4833216817
6951.0,0.663287,354988.9071085198
6952.0,0.5859310000000001,313586.61462722067
6953.0,0.543949,291116.5693711915
6954.0,0.600785,321532.94746576925
6955.0,0.671585,359422.2878471137
6956.0,0.684067,366100.42279510305
6957.0,0.647183,346358.79655906575
6958.0,0.597661,319853.8088082301
6959.0,0.583257,312143.2982780946
6960.0,0.5828899999999999,311945.0247171784
6961.0,0.564922,302327.25964142295
6962.0,0.571522,305857.46918891306
6963.0,0.6197699999999999,331675.93673322065
6964.0,0.6672640000000001,357090.53763702884
6965.0,0.648836,347226.43156793097
6966.0,0.60616,324386.1191752485
6967.0,0.6216659999999999,332681.92827707983
6968.0,0.665086,355915.5515793199
6969.0,0.695769,372332.76504292036
6970.0,0.723813,387337.4949037373
6971.0,0.7262029999999999,388613.72665348405
6972.0,0.689107,368759.8714875676
6973.0,0.635853,340259.7442888778
6974.0,0.568986,304475.42007727845
6975.0,0.499192,267125.31260876963
6976.0,0.45476700000000003,243350.97815439294
6977.0,0.482231,258045.3061486541
6978.0,0.562545,301019.583137382
6979.0,0.618283,330842.57113864855
6980.0,0.654409,350170.7803528115
6981.0,0.691204,369856.62301090243
6982.0,0.69262,370611.3027429354
6983.0,0.638753,341785.0149948181
6984.0,0.6191909999999999,331314.99434022396
6985.0,0.657872,352009.35685414926
6986.0,0.72313,386923.8421262544
6987.0,0.770257,412136.4555402106
6988.0,0.7428140000000001,397449.250207822
6989.0,0.659486,352860.75906456186
6990.0,0.5690270000000001,304457.5846082688
6991.0,0.548535,293490.714606951
6992.0,0.57457,307417.81069297827
6993.0,0.570585,305282.8759732908
6994.0,0.584386,312663.9934515421
6995.0,0.569639,304771.0523516611
6996.0,0.516392,276279.96670911775
6997.0,0.524774,280761.8192641793
6998.0,0.607067,324786.65066962637
6999.0,0.6827529999999999,365275.82299454923
7000.0,0.690447,369388.50954908953
7001.0,0.682413,365086.6975407076
7002.0,0.70012,374556.0727823225
7003.0,0.732831,392052.1057779799
7004.0,0.7291989999999999,390105.05788163777
7005.0,0.665652,356105.16675898933
7006.0,0.621971,332733.58944282454
7007.0,0.64313,344049.32659878215
7008.0,0.683735,365767.5289792332
7009.0,0.672363,359680.1698085648
7010.0,0.617592,330376.88987373625
7011.0,0.616408,329739.92476475635
7012.0,0.623889,333738.1271690373
7013.0,0.569837,304820.60993723216
7014.0,0.535434,286414.35038462834
7015.0,0.57805,309207.0152557466
7016.0,0.662945,354614.50512013945
7017.0,0.717391,383733.7014403351
7018.0,0.711096,380362.0994421324
7019.0,0.660628,353362.8730078779
7020.0,0.604088,323116.43489747
7021.0,0.577342,308806.79664344667
7022.0,0.576083,308129.7097376794
7023.0,0.531324,284186.0300512576
7024.0,0.45241099999999995,241975.38137373317
7025.0,0.437849,234183.9267330386
7026.0,0.464236,248293.9805415001
7027.0,0.531668,284356.07441426173
7028.0,0.619325,331234.2001728374
7029.0,0.6585529999999999,352210.1149353542
7030.0,0.663602,354905.9401740176
7031.0,0.659131,352510.2661988172
7032.0,0.644016,344422.16949536983
7033.0,0.6455270000000001,345225.7812487863
7034.0,0.676193,361621.13708607975
7035.0,0.6919890000000001,370063.8090967028
7036.0,0.699955,374318.92973742285
7037.0,0.710345,379870.1811963399
7038.0,0.721663,385917.50702167186
7039.0,0.755508,404011.04048814456
7040.0,0.7546,403519.9870185089
7041.0,0.71507,382376.1989611146
7042.0,0.7005779999999999,374621.58072087716
7043.0,0.719862,384928.0044380341
7044.0,0.737151,394167.3438594653
7045.0,0.720137,385064.2401882638
7046.0,0.696042,372175.13225379185
7047.0,0.667637,356981.8231599212
7048.0,0.641652,343082.858033741
7049.0,0.665137,355634.8354347027
7050.0,0.695195,371700.81004150584
7051.0,0.68103,364121.8586872435
7052.0,0.636737,340434.99275427056
7053.0,0.596717,319033.3449978805
7054.0,0.588148,314447.25687352376
7055.0,0.6133460000000001,327914.183802494
7056.0,0.619153,331013.7889942303
7057.0,0.595847,318549.0100895916
7058.0,0.5757140000000001,307780.890640505
7059.0,0.5623670000000001,300640.8621735489
7060.0,0.549367,293686.52925296524
7061.0,0.524267,280263.93744227814
7062.0,0.543112,290333.5967936842
7063.0,0.5921960000000001,316567.6439318865
7064.0,0.565803,302454.0601268372
7065.0,0.467261,249773.74513957617
7066.0,0.420671,224865.51834116512
7067.0,0.464524,248302.70250281403
7068.0,0.492802,263413.9131523522
7069.0,0.44777,239339.37940146844
7070.0,0.417991,223418.42079253684
7071.0,0.459452,245575.49765909067
7072.0,0.5017510000000001,268179.7199873824
7073.0,0.529434,282971.2246597764
7074.0,0.538798,287971.2566838659
7075.0,0.52346,279768.84385352995
7076.0,0.514285,274860.5086277146
7077.0,0.51871,277220.7347333533
7078.0,0.511414,273316.76009480003
7079.0,0.500009,267216.94520567753
7080.0,0.45912,245360.62404175027
7081.0,0.392094,209537.27675664032
7082.0,0.412567,220474.30855044382
7083.0,0.469559,250926.21463325652
7084.0,0.427814,228614.18976814797
7085.0,0.34239400000000003,182964.41060706592
7086.0,0.325948,174173.08386322562
7087.0,0.34521599999999997,184465.7929242813
7088.0,0.36537800000000004,195235.81414400754
7089.0,0.38350700000000004,204919.13606950646
7090.0,0.448546,239667.0316003481
7091.0,0.570258,304694.5906091051
7092.0,0.624204,333512.3451009065
7093.0,0.601521,321386.87043658376
7094.0,0.5936060000000001,317152.06949538225
7095.0,0.605935,323733.1686463711
7096.0,0.6411720000000001,342552.8301138148
7097.0,0.6962149999999999,371953.1153856795
7098.0,0.744942,397977.9945380841
7099.0,0.779885,416638.02211819397
7100.0,0.7710359999999999,411902.7439958064
7101.0,0.705443,376854.4207796239
7102.0,0.625179,333970.17556722654
7103.0,0.6047640000000001,323058.2325932767
7104.0,0.618467,330371.7874140605
7105.0,0.615534,328798.6068759534
7106.0,0.629976,336506.4461075663
7107.0,0.649311,346827.5326017988
7108.0,0.6008859999999999,320955.09558623214
7109.0,0.517637,276483.26268792554
7110.0,0.503438,268893.8277689269
7111.0,0.5553319999999999,296605.2313655226
7112.0,0.585338,312625.25171016884
7113.0,0.56523,301879.5741373482
7114.0,0.590102,315156.85753201984
7115.0,0.662808,353979.83967046445
7116.0,0.708477,378362.0896789443
7117.0,0.6752319999999999,360600.15540745243
7118.0,0.548265,292788.76760397723
7119.0,0.46787,249850.39769969633
7120.0,0.540367,288558.97274910106
7121.0,0.644705,344268.81305791123
7122.0,0.695539,371406.0478452887
7123.0,0.693984,370567.856056199
7124.0,0.6617649999999999,353356.3050196994
7125.0,0.691735,369351.21030855563
7126.0,0.767444,409767.167596111
7127.0,0.765921,408945.17466152715
7128.0,0.715603,382070.8224425818
7129.0,0.683433,364886.8708176529
7130.0,0.604351,322657.72681666975
7131.0,0.508192,271313.3371476422
7132.0,0.520767,278020.7632034342
7133.0,0.578681,308932.36996629054
7134.0,0.563645,300898.6442375598
7135.0,0.522885,279132.944288596
7136.0,0.546291,291621.31333850353
7137.0,0.6028399999999999,321801.1126758299
7138.0,0.6517689999999999,347911.9986120786
7139.0,0.7010069999999999,374186.61560381897
7140.0,0.730857,390111.23231860524
7141.0,0.709573,378741.79870107584
7142.0,0.651792,347892.65100146766
7143.0,0.610219,325695.673935521
7144.0,0.589342,314545.6285708074
7145.0,0.5729569999999999,305793.5002190338
7146.0,0.58485,312133.6820669166
7147.0,0.57506,306901.622327495
7148.0,0.544956,290828.73052278755
7149.0,0.552666,294936.43298511737
7150.0,0.5715439999999999,305003.70484413125
7151.0,0.587432,313474.9028298071
7152.0,0.617581,329555.67527380673
7153.0,0.653433,348678.83587063465
7154.0,0.684373,365180.02010518976
7155.0,0.725865,387310.77218254725
7156.0,0.753641,402121.94890779065
7157.0,0.758081,404481.2338806739
7158.0,0.756104,403416.6016203233
7159.0,0.74859,399397.8110086596
7160.0,0.726638,387676.2135592785
7161.0,0.712168,379946.857852531
7162.0,0.706494,376910.46371625963
7163.0,0.697338,372016.605308768
7164.0,0.681706,363668.2188333651
7165.0,0.710866,379214.71183235425
7166.0,0.7538520000000001,402135.756096778
7167.0,0.747599,398790.16326997074
7168.0,0.703497,375255.4982068763
7169.0,0.638625,340643.24521078076
7170.0,0.62166,331585.7083234112
7171.0,0.668733,356684.8069394192
7172.0,0.7126600000000001,380104.6462936952
7173.0,0.709626,378476.75842301856
7174.0,0.7038989999999999,375412.6548956351
7175.0,0.732159,390474.6028074017
7176.0,0.731063,389880.0201893454
7177.0,0.6815439999999999,363461.8443953247
7178.0,0.656782,350247.3704541185
7179.0,0.653411,348440.6056724607
7180.0,0.651674,347505.2357647147
7181.0,0.669554,357030.3777737422
7182.0,0.652173,347753.04432624014
7183.0,0.6394310000000001,340949.7220243447
7184.0,0.655261,349381.14537567296
7185.0,0.6325770000000001,337277.2083870454
7186.0,0.593495,316431.0395664555
7187.0,0.559624,298364.208155597
7188.0,0.570006,303891.22620672226
7189.0,0.6302,335973.82049283985
7190.0,0.694392,370186.02151956223
7191.0,0.749703,399661.93431733974
7192.0,0.745609,397468.64324197645
7193.0,0.679841,362399.2078982348
7194.0,0.650976,347002.8038952004
7195.0,0.702954,374699.3982116123
7196.0,0.746426,397860.56328187254
7197.0,0.728449,388267.72807892406
7198.0,0.718755,383090.1569908437
7199.0,0.7646310000000001,407530.3436235309
7200.0,0.800294,426525.99815223494
7201.0,0.786324,419068.81045658566
7202.0,0.7516470000000001,400576.58567835303
7203.0,0.6832560000000001,364118.6077378366
7204.0,0.592827,315918.56274931045
7205.0,0.537878,286628.0340047158
7206.0,0.534162,284639.75026706647
7207.0,0.562052,299493.01515401
7208.0,0.5708340000000001,304163.8780161517
7209.0,0.5617300000000001,299304.32288934826
7210.0,0.584543,311450.73855848593
7211.0,0.64998,346306.2965172391
7212.0,0.7169369999999999,381969.64008655
7213.0,0.770889,410702.2859480193
7214.0,0.791678,421765.674383761
7215.0,0.760759,405281.7997722949
7216.0,0.729309,388515.97935155255
7217.0,0.728078,387848.838408588
7218.0,0.695962,370729.6760708273
7219.0,0.598218,318653.35970306036
7220.0,0.502757,267796.14191588934
7221.0,0.47137700000000005,251073.97944112984
7222.0,0.49529799999999996,263807.4062854296
7223.0,0.570317,303755.24258221843
7224.0,0.636273,338873.78893254686
7225.0,0.685484,365072.22180165537
7226.0,0.691126,368065.9514963498
7227.0,0.612083,325960.9992134973
7228.0,0.584259,311134.0968650848
7229.0,0.6367550000000001,339079.39363160543
7230.0,0.637042,339221.9148583162
7231.0,0.6106739999999999,325171.1672859656
7232.0,0.592949,315723.3264262751
7233.0,0.532515,283535.7772384127
7234.0,0.444517,236674.27342312047
7235.0,0.40368200000000004,214925.86484227772
7236.0,0.430237,229057.03718194802
7237.0,0.46135600000000004,245617.10228993715
7238.0,0.521602,277682.2951565997
7239.0,0.5957680000000001,317155.7509887777
7240.0,0.650302,346175.9939623771
7241.0,0.664813,353889.57177630154
7242.0,0.640927,341163.9996418425
7243.0,0.6003029999999999,319529.87949951855
7244.0,0.579969,308696.73672310926
7245.0,0.5506909999999999,293103.8322399243
7246.0,0.514988,274092.31029367493
7247.0,0.511091,272009.5573365872
7248.0,0.456934,243178.7139660049
7249.0,0.39757,211578.63213074984
7250.0,0.456013,242673.0249424933
7251.0,0.585408,311522.18334527314
7252.0,0.658017,350149.4495210374
7253.0,0.6783,360930.94992824015
7254.0,0.719936,383073.5230923797
7255.0,0.767472,408353.880481005
7256.0,0.752672,400466.1139674432
7257.0,0.635594,338162.64570155856
7258.0,0.494807,263249.45070535014
7259.0,0.46311800000000003,246382.0469492113
7260.0,0.5177430000000001,275433.87840836716
7261.0,0.578171,307570.80843442585
7262.0,0.636041,338344.8527280348
7263.0,0.6435420000000001,342323.70585996745
7264.0,0.631447,335878.7782547082
7265.0,0.669792,356263.3623987728
7266.0,0.6607310000000001,351432.0777939878
7267.0,0.617325,328334.1506354128
7268.0,0.6493720000000001,345367.27963340585
7269.0,0.701174,372905.5431589963
7270.0,0.6918989999999999,367960.4208321072
7271.0,0.69242,368225.05937233526
7272.0,0.732457,389503.32464958215
7273.0,0.750333,398995.8192012382
7274.0,0.715789,380613.81261779176
7275.0,0.673479,358103.6727725524
7276.0,0.671257,356909.987545058
7277.0,0.694371,369187.1439730641
7278.0,0.699353,371823.2334371898
7279.0,0.71636,380852.192199959
7280.0,0.774042,411504.5808318322
7281.0,0.803692,427252.65837538685
7282.0,0.791225,420610.46567305544
7283.0,0.779363,414290.30265003385
7284.0,0.787462,418580.9550155572
7285.0,0.753549,400540.27980441664
7286.0,0.656663,349029.4319339045
7287.0,0.6063930000000001,322298.6253412476
7288.0,0.601875,319886.05882068374
7289.0,0.599694,318715.66686014796
7290.0,0.611777,325125.86369669
7291.0,0.6403979999999999,340324.3080836234
7292.0,0.645313,342924.10385397053
7293.0,0.61383,326182.20804364694
7294.0,0.586248,311514.3500243325
7295.0,0.589892,313439.46678641223
7296.0,0.60636,322178.21650277404
7297.0,0.587964,312392.63403135503
7298.0,0.549589,291993.0177646103
7299.0,0.556837,295833.1723246617
7300.0,0.622788,330859.2931267212
7301.0,0.6791739999999999,360801.5834543649
7302.0,0.7068760000000001,375504.2580152054
7303.0,0.742983,394670.5473955835
7304.0,0.768266,408085.93983406504
7305.0,0.756486,401813.99194515485
7306.0,0.70049,372057.62378024904
7307.0,0.643517,341784.50163578376
7308.0,0.647321,343792.2450508203
7309.0,0.690013,366452.4726847465
7310.0,0.714332,379353.81713152124
7311.0,0.700815,372161.6993155456
7312.0,0.664321,352768.80071935314
7313.0,0.608549,323140.6588159544
7314.0,0.564656,299822.23090064304
7315.0,0.537959,285635.9444538261
7316.0,0.532816,282894.6279876203
7317.0,0.5760689999999999,305848.0215400637
7318.0,0.591421,313986.9547757582
7319.0,0.521292,276744.8720987103
7320.0,0.422757,224425.88896882482
7321.0,0.41685900000000004,221286.49969543229
7322.0,0.489241,259700.11246867376
7323.0,0.518796,275378.1213617325
7324.0,0.475745,252516.9491112442
7325.0,0.41185900000000003,218599.07223880265
7326.0,0.379954,201657.41380021148
7327.0,0.402961,213860.0047368891
7328.0,0.440406,233723.90490541924
7329.0,0.46447299999999997,246486.81648654997
7330.0,0.46539300000000006,246965.5354148017
7331.0,0.445184,236232.31110458018
7332.0,0.404801,214795.18488376218
7333.0,0.369406,196006.3263776049
7334.0,0.370818,196747.8957632734
7335.0,0.41138900000000006,218265.49015447637
7336.0,0.452651,240147.99279891772
7337.0,0.46893100000000004,248775.4174884276
7338.0,0.45522799999999997,241496.30779314137
7339.0,0.42705,226539.13069987413
7340.0,0.39421300000000004,209111.7257847848
7341.0,0.395428,209747.97146677886
7342.0,0.45600799999999997,241872.05020169355
7343.0,0.506197,268482.28169921046
7344.0,0.516004,273672.98955217877
7345.0,0.497462,263828.4043812753
7346.0,0.4735,251110.2034772288
7347.0,0.468559,248479.95757110103
7348.0,0.45723100000000005,242462.96814835738
7349.0,0.41798900000000005,221644.64258079024
7350.0,0.393875,208849.4826140106
7351.0,0.42554200000000003,225631.63277648084
7352.0,0.471288,249877.1086878302
7353.0,0.48156899999999997,255317.81163892278
7354.0,0.47635299999999997,252542.20191492862
7355.0,0.46976999999999997,249042.1002644553
7356.0,0.452662,239962.80452485872
7357.0,0.436662,231471.569666557
7358.0,0.395083,209422.30356534317
7359.0,0.338621,179486.08147410597
7360.0,0.33150799999999997,175708.66001698934
7361.0,0.393786,208709.2305346167
7362.0,0.498367,264127.03752623714
7363.0,0.5575220000000001,295466.16617572407
7364.0,0.526457,278991.3787648495
7365.0,0.467125,247538.6891914341
7366.0,0.42423900000000003,224803.27320796208
7367.0,0.385859,204457.33937656952
7368.0,0.340307,180312.96304575846
7369.0,0.294619,156098.51890163583
7370.0,0.248629,131726.0729713965
7371.0,0.225769,119609.63575335425
7372.0,0.253656,134378.21305672126
7373.0,0.32626,172834.080717029
7374.0,0.41735500000000003,221081.78879043192
7375.0,0.47643100000000005,252365.00075379424
7376.0,0.468909,248370.15668645312
7377.0,0.40875500000000003,216498.862036037
7378.0,0.34120500000000004,180713.08098400297
7379.0,0.32224899999999995,170666.15823465827
7380.0,0.30828099999999997,163261.6534368589
7381.0,0.25455,134800.68432682726
7382.0,0.23456799999999997,124213.64079179305
7383.0,0.340248,180167.97835276273
7384.0,0.502727,266192.42922053626
7385.0,0.555471,294107.64307293476
7386.0,0.52967,280434.6638110524
7387.0,0.550357,291374.92790664366
7388.0,0.572118,302882.81190271786
7389.0,0.536443,283984.01739603747
7390.0,0.5355880000000001,283519.16445638094
7391.0,0.593659,314246.0821517618
7392.0,0.6351220000000001,336179.4578745561
7393.0,0.614687,325348.80181387434
7394.0,0.569607,301475.23025482445
7395.0,0.533507,282356.3383845044
7396.0,0.560545,296653.15455282637
7397.0,0.5992529999999999,317124.45980262046
7398.0,0.581079,307493.33507338836
7399.0,0.573274,303349.82018271496
7400.0,0.5878909999999999,311070.79937932116
7401.0,0.589771,312051.84288719296
7402.0,0.564231,298525.30659833335
7403.0,0.562304,297492.63697587076
7404.0,0.585076,309526.7146095116
7405.0,0.5515800000000001,291793.1808465118
7406.0,0.5050060000000001,267143.06623742275
7407.0,0.526172,278327.3021378847
7408.0,0.575742,304534.6148455141
7409.0,0.5971850000000001,315862.6574436077
7410.0,0.578112,305760.928439273
7411.0,0.593141,313695.6718327741
7412.0,0.637576,337180.9943714754
7413.0,0.616496,326018.2423241615
7414.0,0.558643,295410.8752930944
7415.0,0.534659,282715.3877104734
7416.0,0.528664,279532.7631237835
7417.0,0.538293,284611.2706071978
7418.0,0.537758,284315.53579402587
7419.0,0.507023,268053.62775089534
7420.0,0.45626400000000006,241207.33858986228
7421.0,0.417649,220783.19376781126
7422.0,0.42285,223522.43519245565
7423.0,0.43870600000000004,231893.48473560915
7424.0,0.439817,232470.1199788518
7425.0,0.41258900000000004,218068.4796285003
7426.0,0.370476,195801.2319308374
7427.0,0.31914699999999996,168665.4640168571
7428.0,0.25858600000000004,136653.39730633062
7429.0,0.20884899999999998,110364.09807648759
7430.0,0.164088,86706.60888299638
7431.0,0.120393,63614.56255339744
7432.0,0.0773682,40878.758560727256
7433.0,0.0419127,22144.23638325699
7434.0,0.0356599,18839.745133728626
7435.0,0.0648128,34240.13643693456
7436.0,0.11551199999999999,61021.3166399022
7437.0,0.172773,91266.22364762849
7438.0,0.229339,121141.18705612015
7439.0,0.281438,148653.90359942344
7440.0,0.316104,166956.45448042738
7441.0,0.333406,176086.57276990876
7442.0,0.354908,187433.92256756852
7443.0,0.375258,198171.8247494769
7444.0,0.394685,208421.2910102824
7445.0,0.448205,236672.41209021976
7446.0,0.510243,269418.5180576672
7447.0,0.515798,272338.76088804414
7448.0,0.49297399999999997,260275.44746739458
7449.0,0.5069279999999999,267630.01532883476
7450.0,0.545293,287870.9106088695
7451.0,0.551968,291380.87799369555
7452.0,0.511681,270100.69033993717
7453.0,0.512265,270396.0306345776
7454.0,0.58175,307058.56247240264
7455.0,0.601711,317579.11363685556
7456.0,0.545754,288031.5342781637
7457.0,0.509748,269015.76911188377
7458.0,0.5290739999999999,279201.46513713495
7459.0,0.55848,294705.29032815446
7460.0,0.541825,285902.7606313348
7461.0,0.468396,247144.788664635
7462.0,0.38942,205463.87326894238
7463.0,0.335348,176926.0762692155
7464.0,0.291396,153729.98578288223
7465.0,0.238456,125794.62928244194
7466.0,0.171466,90450.43794618784
7467.0,0.10325799999999999,54467.212166244826
7468.0,0.057298699999999994,30222.81801112464
7469.0,0.05944,31350.733455079615
7470.0,0.10963900000000001,57824.60260547631
7471.0,0.176776,93228.68282210983
7472.0,0.23984299999999997,126482.92972251038
7473.0,0.297247,156747.61468494195
7474.0,0.35747399999999996,188497.8845746741
7475.0,0.428123,225740.306079928
7476.0,0.487778,257182.40640708807
7477.0,0.529451,279140.77882442984
7478.0,0.571746,301424.8701634126
7479.0,0.616229,324860.18210591277
7480.0,0.649269,342260.98065191595
7481.0,0.627117,330567.10722477245
7482.0,0.571697,301338.9606531655
7483.0,0.579681,305532.0096752265
7484.0,0.645461,340185.5827812803
7485.0,0.6891430000000001,363189.6487848511
7486.0,0.681845,359325.4329787307
7487.0,0.679353,357994.1650085118
7488.0,0.713785,376119.6207622477
7489.0,0.721426,380126.76813931455
7490.0,0.708001,373034.15171717043
7491.0,0.731634,385466.4912530259
7492.0,0.7656189999999999,403351.2907246643
7493.0,0.761031,400913.8525368641
7494.0,0.712629,375396.4328621212
7495.0,0.6776409999999999,356947.4046032806
7496.0,0.678543,357404.32315815426
7497.0,0.670466,353131.9625669966
7498.0,0.661991,348650.3976626637
7499.0,0.697046,367094.01091351826
7500.0,0.733671,386362.49480177625
7501.0,0.747394,393569.04581224005
7502.0,0.781678,411601.4565944345
7503.0,0.808239,425565.55845815287
7504.0,0.7740779999999999,407557.6223415942
7505.0,0.697928,367445.1435427032
7506.0,0.671892,353719.43559007626
7507.0,0.717871,377905.65894516074
7508.0,0.768388,404478.14596061275
7509.0,0.783003,412150.0764860366
7510.0,0.79494,418411.6318801232
7511.0,0.793786,417782.49906333094
7512.0,0.766861,403590.4105010338
7513.0,0.76402,402074.25175331073
7514.0,0.7766569999999999,408703.270597113
7515.0,0.791371,416424.4972644379
7516.0,0.7928149999999999,417162.4917709377
7517.0,0.7646069999999999,402298.94098652893
7518.0,0.751743,395509.76168212056
7519.0,0.759462,399549.90027285664
7520.0,0.7488670000000001,393955.17007879465
7521.0,0.74422,391489.88967518165
7522.0,0.767943,403947.8229506
7523.0,0.774181,407207.56341307797
7524.0,0.736799,387524.67968454625
7525.0,0.72132,379363.28088918136
7526.0,0.761149,400289.2707987077
7527.0,0.802968,422259.49685931107
7528.0,0.8242729999999999,433440.16297976853
7529.0,0.807879,424796.8174557302
7530.0,0.7359680000000001,386964.11676590884
7531.0,0.6796800000000001,357349.39521849377
7532.0,0.6725180000000001,353564.97858487186
7533.0,0.672046,353297.9074419777
7534.0,0.683722,359416.7603916663
7535.0,0.721271,379135.03460883047
7536.0,0.776532,408160.94798712345
7537.0,0.8243,433245.44756730285
7538.0,0.8530209999999999,448316.80248168064
7539.0,0.847259,445264.46684400947
7540.0,0.796136,418374.9128981506
7541.0,0.7561260000000001,397327.8787260953
7542.0,0.765324,402139.4350642405
7543.0,0.763476,401146.63554326235
7544.0,0.714218,375245.03916476754
7545.0,0.644709,338707.0798130975
7546.0,0.6399279999999999,336177.00058241363
7547.0,0.716486,376375.1198717653
7548.0,0.761918,400219.0113230586
7549.0,0.76804,403412.706124768
7550.0,0.79257,416274.28767743974
7551.0,0.8255100000000001,433551.2952236819
7552.0,0.827946,434806.7969583079
7553.0,0.8006489999999999,420448.30914568197
7554.0,0.766766,402633.02542646346
7555.0,0.752574,395158.95666342124
7556.0,0.7654310000000001,401887.6954872149
7557.0,0.761857,399989.08223130007
7558.0,0.7451,391169.7127960707
7559.0,0.76262,400345.36159836577
7560.0,0.813013,426776.0340624929
7561.0,0.844199,443121.94622408
7562.0,0.801673,420776.56721941
7563.0,0.709208,372223.46555736876
7564.0,0.676763,355175.1173394103
7565.0,0.707158,371106.1555060453
7566.0,0.704232,369549.9927837313
7567.0,0.704046,369431.72861502
7568.0,0.763458,400584.3616899653
7569.0,0.8205690000000001,430526.2148326469
7570.0,0.815034,427598.1777163842
7571.0,0.763914,400756.1388200472
7572.0,0.7522,394588.6677769452
7573.0,0.782507,410463.97455960244
7574.0,0.776327,407199.2893819804
7575.0,0.7336010000000001,384766.9062245111
7576.0,0.684226,358849.88886185974
7577.0,0.646155,338863.950175453
7578.0,0.6568149999999999,344434.8678004822
7579.0,0.713583,374182.8682892799
7580.0,0.778562,408232.8373958846
7581.0,0.82305,431535.2236183542
7582.0,0.810492,424926.71164754423
7583.0,0.756732,396718.66950785305
7584.0,0.720201,377545.64869666734
7585.0,0.731927,383670.7558924487
7586.0,0.783,410419.36355078
7587.0,0.843485,442098.01579104544
7588.0,0.8916870000000001,467335.45331213385
7589.0,0.9047950000000001,474178.1615247452
7590.0,0.890394,466604.1686790149
7591.0,0.8620620000000001,451731.0001311809
7592.0,0.8301799999999999,434999.3764210788
7593.0,0.8375670000000001,438844.71326242684
7594.0,0.85557,448251.5258224671
7595.0,0.817591,428328.741462713
7596.0,0.776944,407010.5712571468
7597.0,0.790423,414047.69274692447
7598.0,0.81361,426169.0203737882
7599.0,0.804994,421631.46271314024
7600.0,0.758558,397286.58496097033
7601.0,0.700851,367041.79139608727
7602.0,0.689964,361319.10967494966
7603.0,0.728009,381220.1964632207
7604.0,0.765153,400647.1531353172
7605.0,0.788184,412682.4349796024
7606.0,0.798966,418303.2444898576
7607.0,0.7960229999999999,416737.9844257549
7608.0,0.790903,414033.2315053118
7609.0,0.763343,399582.2448287282
7610.0,0.73564,385058.0785016848
7611.0,0.7462260000000001,390576.1316459864
7612.0,0.7721720000000001,404132.48660059343
7613.0,0.799871,418604.6288754241
7614.0,0.813524,425724.6304873787
7615.0,0.813426,425648.1604967203
7616.0,0.819994,429059.6360938352
7617.0,0.812655,425194.308709782
7618.0,0.766476,401008.89711801714
7619.0,0.731855,382872.9456664923
7620.0,0.747138,390845.05322166113
7621.0,0.758684,396861.3901064679
7622.0,0.7499680000000001,392278.7277791369
7623.0,0.745268,389797.07088601356
7624.0,0.7673439999999999,401319.4812587501
7625.0,0.7989,417798.2112306615
7626.0,0.797966,417284.76405362797
7627.0,0.763566,399271.838609067
7628.0,0.735911,384787.82352014224
7629.0,0.744117,389055.13501442515
7630.0,0.753265,393814.3931056189
7631.0,0.739186,386430.4767934962
7632.0,0.70439,368217.67629977874
7633.0,0.677723,354256.2004820645
7634.0,0.667625,348956.733248504
7635.0,0.707685,369873.0677019377
7636.0,0.766741,400714.54298476176
7637.0,0.780195,407721.1590991304
7638.0,0.7874369999999999,411480.77234309324
7639.0,0.798196,417077.6219582184
7640.0,0.791813,413717.1778783204
7641.0,0.764962,399663.36743320216
7642.0,0.699427,365401.56404692546
7643.0,0.631811,330056.8039880312
7644.0,0.6382140000000001,333381.3523772213
7645.0,0.706105,368822.7533565806
7646.0,0.7586189999999999,396228.3515215775
7647.0,0.772204,403299.1099604569
7648.0,0.753026,393258.88574942615
7649.0,0.709542,370527.12652862625
7650.0,0.690505,360563.7216259734
7651.0,0.7175229999999999,374648.75857401785
7652.0,0.7339359999999999,383195.06230682693
7653.0,0.728912,380548.5118664479
7654.0,0.711073,371212.2524109852
7655.0,0.7061689999999999,368629.3581608864
7656.0,0.706136,368589.3256310725
7657.0,0.715928,373677.41484988964
7658.0,0.749247,391043.9644291777
7659.0,0.778766,406425.1749875377
7660.0,0.786464,410417.13363253284
7661.0,0.7702289999999999,401919.88122326124
7662.0,0.765005,399169.04642016394
7663.0,0.766651,400002.974586906
7664.0,0.7545930000000001,393687.10501722206
7665.0,0.755541,394157.0779630563
7666.0,0.758542,395697.9246953469
7667.0,0.739807,385900.54804654495
7668.0,0.742833,387454.7047188309
7669.0,0.766038,399533.1564649411
7670.0,0.765281,399113.27971619397
7671.0,0.726679,378957.5498174737
7672.0,0.655896,342023.2384336163
7673.0,0.614715,320528.8265686711
7674.0,0.632764,329919.25899059506
7675.0,0.677611,353279.91512535705
7676.0,0.711164,370749.71884878457
7677.0,0.7008340000000001,365341.29828470567
7678.0,0.685994,357582.64513611014
7679.0,0.710036,370091.37743163924
7680.0,0.722581,376606.3084904129
7681.0,0.709759,369900.0481396714
7682.0,0.714313,372249.76525891497
7683.0,0.7339439999999999,382455.7318033069
7684.0,0.744294,387824.38344837184
7685.0,0.743286,387274.4634154667
7686.0,0.712358,371136.3578658428
7687.0,0.66873,348384.04863104963
7688.0,0.667704,347827.29965529393
7689.0,0.691196,360041.9519150277
7690.0,0.701766,365524.4151113002
7691.0,0.697389,363221.30063349375
7692.0,0.7093149999999999,369409.00781574304
7693.0,0.740583,385668.50027081906
7694.0,0.7333310000000001,381867.3611855454
7695.0,0.68103,354609.8354937033
7696.0,0.643842,335224.57401423214
7697.0,0.642305,334402.74137558835
7698.0,0.6406810000000001,333535.70033381943
7699.0,0.649755,338237.7203033041
7700.0,0.678103,352971.7707985138
7701.0,0.684048,356043.2506623468
7702.0,0.6825220000000001,355225.9457663516
7703.0,0.688399,358261.44412852114
7704.0,0.6834060000000001,355639.8498104637
7705.0,0.6825,355145.28099171893
7706.0,0.699507,363971.3435595456
7707.0,0.727418,378469.4920498832
7708.0,0.760929,395879.16825969325
7709.0,0.76037,395562.5234648788
7710.0,0.729591,379525.759129047
7711.0,0.711815,370254.650620814
7712.0,0.709548,369051.2974569144
7713.0,0.7013729999999999,364775.3995123857
7714.0,0.674914,350991.3796346452
7715.0,0.622726,323829.5672987031
7716.0,0.610223,317306.9127564267
7717.0,0.673596,350236.89439623826
7718.0,0.736693,383019.0215199421
7719.0,0.7790199999999999,404998.845295115
7720.0,0.817338,424891.67219433765
7721.0,0.8206030000000001,426560.8098452083
7722.0,0.772576,401569.16815846536
7723.0,0.719661,374040.2902731829
7724.0,0.688046,357584.8690843907
7725.0,0.643633,334480.787382186
7726.0,0.5620470000000001,292063.10334087064
7727.0,0.543401,282355.1120704984
7728.0,0.660751,343308.20573060855
7729.0,0.7645649999999999,397220.7015585276
7730.0,0.777331,403826.2328111466
7731.0,0.763038,396374.54668940185
7732.0,0.731884,380165.64629487525
7733.0,0.709596,368563.88110813784
7734.0,0.729748,379005.48725661024
7735.0,0.716014,371847.650542695
7736.0,0.648992,337018.5359105788
7737.0,0.638232,331408.7028576618
7738.0,0.689715,358117.7664540119
7739.0,0.7334,380774.5705814098
7740.0,0.7635350000000001,396393.7419606839
7741.0,0.778513,404142.46897067124
7742.0,0.729863,378861.717463815
7743.0,0.691825,359092.51702375215
7744.0,0.739278,383697.16147745145
7745.0,0.782455,406079.29640093853
7746.0,0.758057,393390.60800566943
7747.0,0.6875180000000001,356760.544196484
7748.0,0.629145,326448.05651370005
7749.0,0.6135609999999999,318340.3217254477
7750.0,0.6411439999999999,332628.93565156695
7751.0,0.706072,366289.0584752583
7752.0,0.7554069999999999,391855.95158599905
7753.0,0.736142,381836.5507897092
7754.0,0.682297,353883.07769831596
7755.0,0.661702,343177.8008432455
7756.0,0.715739,371177.63531825895
7757.0,0.774983,401873.7566381757
7758.0,0.73703,382166.80527137313
7759.0,0.678296,351687.8388592057
7760.0,0.658525,341413.4562517919
7761.0,0.659077,341676.23181150557
7762.0,0.69748,361560.1770123355
7763.0,0.7462409999999999,386810.3891602907
7764.0,0.758682,393232.1064669565
7765.0,0.777134,402768.2595531275
7766.0,0.786291,407486.0499574242
7767.0,0.736911,381869.142583643
7768.0,0.705476,365554.24363550113
7769.0,0.711436,368617.08159749897
7770.0,0.679103,351840.0503826741
7771.0,0.630849,326817.28963390714
7772.0,0.629598,326146.6320086099
7773.0,0.6335689999999999,328180.9777832644
7774.0,0.592278,306771.4836773254
7775.0,0.597817,309618.9406327185
7776.0,0.682404,353403.35726984276
7777.0,0.757532,392283.3825250902
7778.0,0.769401,398401.96277105645
7779.0,0.698915,361878.5592692818
7780.0,0.6072890000000001,314415.2830221838
7781.0,0.61274,317215.3401769622
7782.0,0.6726489999999999,348205.9108803659
7783.0,0.7183729999999999,371849.5859498221
7784.0,0.711903,368474.77384343493
7785.0,0.62936,325728.44458239747
7786.0,0.573541,296818.2509594821
7787.0,0.6001569999999999,310570.7609734912
7788.0,0.618075,319820.5747636862
7789.0,0.5679270000000001,293851.0476397439
7790.0,0.526374,272331.9751175304
7791.0,0.5547340000000001,286984.50209430826
7792.0,0.629948,325872.556502515
7793.0,0.689002,356396.12174349517
7794.0,0.675438,349355.3124240858
7795.0,0.6351140000000001,328475.4345451915
7796.0,0.6008680000000001,310741.7503137184
7797.0,0.552534,285725.39080594387
7798.0,0.500991,259053.2362767729
7799.0,0.430125,222393.98026839198
7800.0,0.39268400000000003,203020.90813616937
7801.0,0.42212299999999997,218225.6359099017
7802.0,0.438896,226880.69314329122
7803.0,0.42774799999999996,221102.19033209205
7804.0,0.435205,224940.7026041588
7805.0,0.452817,234027.00891135004
7806.0,0.468156,241937.3472415127
7807.0,0.447646,231321.53454758463
7808.0,0.389784,201406.91369561097
7809.0,0.361686,186874.93258825026
7810.0,0.36389,188000.25116007795
7811.0,0.37623,194361.68846388592
7812.0,0.40779499999999996,210653.19160297117
7813.0,0.47025500000000003,242900.52263261485
7814.0,0.547241,282645.78264749097
7815.0,0.663337,342583.8872522713
7816.0,0.806074,416271.25915676897
7817.0,0.8757450000000001,452218.11673294846
7818.0,0.876174,452407.0910646019
7819.0,0.8691190000000001,448731.96959315625
7820.0,0.849416,438527.57204649475
7821.0,0.811431,418886.8594238156
7822.0,0.756901,390708.50796507834
7823.0,0.640694,330699.1425313529
7824.0,0.553869,285863.07900864154
7825.0,0.556752,287330.2598998987
7826.0,0.623486,321747.2409614218
7827.0,0.7255689999999999,374399.58985410305
7828.0,0.790712,407984.31701473164
7829.0,0.792441,408846.7455967426
7830.0,0.76712,395754.03936450375
7831.0,0.773279,398902.4320334171
7832.0,0.8009970000000001,413170.92187958775
7833.0,0.8026399999999999,413988.2595952044
7834.0,0.801806,413527.949687166
7835.0,0.830802,428451.2504866026
7836.0,0.8223969999999999,424085.7583758319
7837.0,0.724241,373442.32810015534
7838.0,0.643142,331600.78129513335
7839.0,0.631898,325779.5859981169
7840.0,0.640744,330316.00844947394
7841.0,0.677863,349425.9585117744
7842.0,0.736316,379529.5627802928
7843.0,0.748929,386002.51227205974
7844.0,0.7452979999999999,384102.84609887295
7845.0,0.79023,407229.41722027777
7846.0,0.812469,418659.0311228323
7847.0,0.786412,405202.2107582609
7848.0,0.7905399999999999,407299.15396479546
7849.0,0.8305799999999999,427896.8474105401
7850.0,0.7984829999999999,411330.7953912804
7851.0,0.681805,351199.2996162353
7852.0,0.608692,313515.4417235829
7853.0,0.649517,334518.1778529405
7854.0,0.7079439999999999,364582.60002108937
7855.0,0.712009,366648.8463783999
7856.0,0.72165,371585.90970963764
7857.0,0.752989,387693.93771808187
7858.0,0.736135,378988.10273686657
7859.0,0.689762,355087.2518420437
7860.0,0.709708,365328.2006397888
7861.0,0.776509,399684.8132418673
7862.0,0.786636,404867.2069572473
7863.0,0.751252,386626.86742664623
7864.0,0.76807,395252.63360785134
7865.0,0.809891,416742.79322064953
7866.0,0.780317,401494.98438858235
7867.0,0.721148,371023.112481756
7868.0,0.7229770000000001,371936.2623623745
7869.0,0.7455069999999999,383498.10465307377
7870.0,0.72396,372386.1307941849
7871.0,0.702213,361172.9335246613
7872.0,0.710288,365298.75236118847
7873.0,0.699162,359549.6600541163
7874.0,0.6460060000000001,332188.771234574
7875.0,0.617557,317535.839683791
7876.0,0.662507,340622.59488582396
7877.0,0.730059,375325.60745652637
7878.0,0.762917,392188.41395206295
7879.0,0.764614,393031.10126081127
7880.0,0.765191,393297.97142605885
7881.0,0.769478,395471.5227918148
7882.0,0.724989,372578.2998626134
7883.0,0.631586,324553.083750612
7884.0,0.580486,298271.7184157096
7885.0,0.60551,311106.22593916307
7886.0,0.67493,346747.34661402047
7887.0,0.718428,369066.53772888455
7888.0,0.727266,373578.3390738622
7889.0,0.7070890000000001,363186.2854588492
7890.0,0.680279,349389.1034178925
7891.0,0.693422,356112.1697588795
7892.0,0.738183,379070.6163649664
7893.0,0.7543449999999999,387340.54227142566
7894.0,0.717356,368319.3272529143
7895.0,0.686843,352625.77916597575
7896.0,0.719464,369345.17872761737
7897.0,0.767074,393756.184778101
7898.0,0.762915,391591.28187967424
7899.0,0.724067,371622.7778266309
7900.0,0.690702,354471.21168707206
7901.0,0.719712,369330.9142333621
7902.0,0.79483,407847.49974038696
7903.0,0.812783,417027.57891949685
7904.0,0.752512,386073.6685559707
7905.0,0.721242,370002.2152306415
7906.0,0.757229,388433.86966662126
7907.0,0.755355,387442.6935678166
7908.0,0.709875,364086.6356919942
7909.0,0.717437,367936.6851591879
7910.0,0.780774,400388.0469759995
7911.0,0.828111,424630.05525578314
7912.0,0.847734,434658.4927657867
7913.0,0.8497899999999999,435678.92357873224
7914.0,0.810886,415701.0099321996
7915.0,0.753972,386494.0506892238
7916.0,0.74485,381788.38423748856
7917.0,0.761668,390378.47943990375
7918.0,0.789798,404764.5159915669
7919.0,0.8434860000000001,432245.52155669214
7920.0,0.870516,446062.35988175357
7921.0,0.8427209999999999,431786.2497840036
7922.0,0.810248,415115.650317009
7923.0,0.822734,421479.74424034567
7924.0,0.852883,436890.7197161211
7925.0,0.85135,436071.3725781852
7926.0,0.82562,422859.11044346646
7927.0,0.801082,410259.34913173155
7928.0,0.813574,416624.2802488449
7929.0,0.8316049999999999,425824.4410616122
7930.0,0.819307,419494.34650239407
7931.0,0.83291,426425.7800954863
7932.0,0.863433,442017.96906915336
7933.0,0.853159,436724.0806986527
7934.0,0.800611,409793.03492562304
7935.0,0.753695,385748.7139894259
7936.0,0.782776,400601.1236922639
7937.0,0.8601030000000001,440140.0704644394
7938.0,0.9076790000000001,464449.4944957679
7939.0,0.913758,467523.1663436165
7940.0,0.8899540000000001,455307.9308196065
7941.0,0.8421780000000001,430831.2892014518
7942.0,0.7827149999999999,400380.2674787288
7943.0,0.74603,381584.6895683587
7944.0,0.7594380000000001,388411.95578156324
7945.0,0.8164,417511.89568293886
7946.0,0.8555389999999999,437493.1303619173
7947.0,0.8514520000000001,435368.63743068674
7948.0,0.849578,434375.927189762
7949.0,0.84434,431663.52406223863
7950.0,0.820564,419474.8428676486
7951.0,0.825357,421891.47339799115
7952.0,0.8531920000000001,436084.9600305586
7953.0,0.849109,433963.476045086
7954.0,0.80557,411678.69922355475
7955.0,0.772805,394902.9597862559
7956.0,0.790429,403876.571245742
7957.0,0.8173729999999999,417610.479469161
7958.0,0.8161390000000001,416946.67409121076
7959.0,0.797099,407187.0005137079
7960.0,0.7850520000000001,401000.8553044541
7961.0,0.7714529999999999,394022.9854827802
7962.0,0.778999,397845.24511966284
7963.0,0.8245020000000001,421050.4619430241
7964.0,0.845744,431863.49924304173
7965.0,0.844492,431189.55217256304
7966.0,0.8477629999999999,432824.9020805243
7967.0,0.845325,431545.47045389755
7968.0,0.8220209999999999,419614.80851076235
7969.0,0.795851,406223.16069526074
7970.0,0.802504,409586.01310327876
7971.0,0.8261360000000001,421613.4265734345
7972.0,0.861399,439574.20409567724
7973.0,0.898119,458275.5059758449
7974.0,0.922366,470609.78177501727
7975.0,0.918665,468683.55331824406
7976.0,0.91032,464388.5286227281
7977.0,0.9276110000000001,473171.00148672727
7978.0,0.9386549999999999,478765.7090731001
7979.0,0.922276,470373.37554449233
7980.0,0.8979159999999999,457912.28588806244
7981.0,0.8656799999999999,441436.975418922
7982.0,0.837779,427174.68505814427
7983.0,0.8607540000000001,438853.7143140671
7984.0,0.901515,459598.2364211349
7985.0,0.92194,469972.7727700989
7986.0,0.9240950000000001,471032.9425998663
7987.0,0.910968,464303.95148788946
7988.0,0.881242,449116.5089188164
7989.0,0.8414790000000001,428816.67453522305
7990.0,0.838252,427137.3094501534
7991.0,0.88195,449367.2084857397
7992.0,0.916557,466961.81888595165
7993.0,0.906424,461761.527903944
7994.0,0.8661190000000001,441192.73229150084
7995.0,0.8380190000000001,426843.8805837446
7996.0,0.83124,423356.2883628203
7997.0,0.85139,433583.2435431505
7998.0,0.892704,454585.6961842823
7999.0,0.9135629999999999,465169.3643273005
8000.0,0.8977040000000001,457056.6761647875
8001.0,0.86769,441739.0162941941
8002.0,0.8844790000000001,450249.190760658
8003.0,0.937441,477170.4962930712
8004.0,0.965332,491326.9011456763
8005.0,0.9620129999999999,489597.23798523215
8006.0,0.9470879999999999,481961.67715762655
8007.0,0.935631,476092.02576682874
8008.0,0.9329370000000001,474681.96393038175
8009.0,0.943356,479943.500228771
8010.0,0.954992,485823.2491543046
8011.0,0.945973,481195.2600886642
8012.0,0.9223809999999999,469155.6645017163
8013.0,0.909265,462446.0594448641
8014.0,0.906892,461200.9037193464
8015.0,0.9036290000000001,459503.35410843324
8016.0,0.9073129999999999,461338.37649703823
8017.0,0.8932950000000001,454172.93829734414
8018.0,0.868582,441571.5181072217
8019.0,0.8810899999999999,447893.0825585849
8020.0,0.905344,460184.0293286711
8021.0,0.904314,459622.17959428875
8022.0,0.8575280000000001,435806.615962454
8023.0,0.8294219999999999,421487.62003336096
8024.0,0.8515299999999999,432686.12165372755
8025.0,0.862606,438277.52871460526
8026.0,0.8581629999999999,435983.6566814717
8027.0,0.8356809999999999,424526.32215713244
8028.0,0.8129970000000001,412968.2720508335
8029.0,0.8215040000000001,417254.52144507715
8030.0,0.847173,430256.14115043316
8031.0,0.8554940000000001,434445.71656611294
8032.0,0.856326,434831.74176481686
8033.0,0.816009,414324.4778543845
8034.0,0.760308,386010.1412578342
8035.0,0.744246,377823.66132783866
8036.0,0.787967,399985.39938947244
8037.0,0.883448,448415.4255893497
8038.0,0.9414020000000001,477791.1367429896
8039.0,0.939644,476858.7050670629
8040.0,0.9165409999999999,465094.9695976821
8041.0,0.902133,457745.06083870225
8042.0,0.9097540000000001,461573.0042595829
8043.0,0.908899,461100.25165732735
8044.0,0.8691260000000001,440885.4432276964
8045.0,0.841619,426895.72986915795
8046.0,0.8632059999999999,437808.2777279143
8047.0,0.8857430000000001,449200.74022585514
8048.0,0.861332,436783.7880029864
8049.0,0.807108,409251.9440717544
8050.0,0.814605,413018.3229821759
8051.0,0.8698469999999999,440989.4942566184
8052.0,0.875441,443787.7999116303
8053.0,0.8571540000000001,434480.62402203615
8054.0,0.842217,426872.9337887444
8055.0,0.832865,422096.9976653949
8056.0,0.854613,433082.02542161
8057.0,0.905651,458906.8348399441
8058.0,0.930679,471548.6845885546
8059.0,0.929326,470822.9851439246
8060.0,0.9252030000000001,468694.1407947405
8061.0,0.920426,466234.3539531014
8062.0,0.903848,457797.76968329726
8063.0,0.8744430000000001,442866.2987567995
8064.0,0.86759,439357.95908593445
8065.0,0.885882,448582.83272545954
8066.0,0.9084209999999999,459956.46295988926
8067.0,0.932939,472330.0483763544
8068.0,0.9458280000000001,478814.43771956174
8069.0,0.947369,479553.3860503533
8070.0,0.918185,464740.67577603186
8071.0,0.85472,432580.5961969408
8072.0,0.8418399999999999,426025.28981457785
8073.0,0.8998209999999999,455328.2331029391
8074.0,0.9379930000000001,474603.20092615066
8075.0,0.9360719999999999,473590.4193613463
8076.0,0.9238959999999999,467389.88110389234
8077.0,0.9148459999999999,462771.66078687104
8078.0,0.9119809999999999,461282.60082912433
8079.0,0.894164,452231.65950089303
8080.0,0.864399,437139.9663839263
8081.0,0.862259,436020.03885427915
8082.0,0.874238,442039.2416950331
8083.0,0.863492,436567.97449859226
8084.0,0.8621790000000001,435866.39249936945
8085.0,0.8833719999999999,446541.6148746128
8086.0,0.898711,454256.0396065723
8087.0,0.919169,464556.28841053246
8088.0,0.933514,471765.4253959399
8089.0,0.925484,467666.72024313913
8090.0,0.9105629999999999,460086.8339298474
8091.0,0.897802,453599.54268522805
8092.0,0.878497,443807.39389723935
8093.0,0.8742049999999999,441600.6721810844
8094.0,0.891072,450081.75041143683
8095.0,0.912416,460822.4665181717
8096.0,0.927062,468178.7034351022
8097.0,0.928478,468852.8858312815
8098.0,0.926791,467960.14030987275
8099.0,0.9284819999999999,468773.0118323622
8100.0,0.909717,459258.7690614547
8101.0,0.8854040000000001,446945.57282374596
8102.0,0.877366,442849.28904952906
8103.0,0.8863770000000001,447358.40258179896
8104.0,0.912529,460517.08098235907
8105.0,0.9255760000000001,467060.43393308105
8106.0,0.922982,465710.6061069538
8107.0,0.9221950000000001,465272.6691654963
8108.0,0.937422,472913.5747899768
8109.0,0.955528,482005.38993469474
8110.0,0.950844,479600.42964188295
8111.0,0.9284450000000001,468261.3029917884
8112.0,0.9179069999999999,462905.7143192824
8113.0,0.917065,462440.35908099153
8114.0,0.928242,468035.2411592118
8115.0,0.9331799999999999,470483.5784242517
8116.0,0.915581,461569.9261594742
8117.0,0.915241,461357.7956786166
8118.0,0.9261950000000001,466838.2910925193
8119.0,0.9247920000000001,466089.9331735697
8120.0,0.930581,468966.0874080527
8121.0,0.945908,476647.9535497184
8122.0,0.952206,479779.07538029324
8123.0,0.9521370000000001,479701.8188236393
8124.0,0.949991,478578.2152481946
8125.0,0.9361879999999999,471582.8417335519
8126.0,0.9277989999999999,467315.6159610289
8127.0,0.9337790000000001,470285.8841737691
8128.0,0.9242790000000001,465459.9857045121
8129.0,0.902099,454249.9322485629
8130.0,0.912113,459251.6206971766
8131.0,0.9439290000000001,475228.7885465513
8132.0,0.943541,474991.1611181428
8133.0,0.926291,466265.74835171265
8134.0,0.9332389999999999,469721.28986239736
8135.0,0.938952,472554.63901442516
8136.0,0.925435,465710.26764753676
8137.0,0.913773,459800.5066013701
8138.0,0.914975,460364.2193956261
8139.0,0.922629,464173.8002955631
8140.0,0.9375450000000001,471635.8523672387
8141.0,0.961192,483488.315049223
8142.0,0.9690290000000001,487386.7669245488
8143.0,0.9628260000000001,484223.5097200024
8144.0,0.956406,480951.66784369136
8145.0,0.9359540000000001,470624.69024279027
8146.0,0.9048799999999999,454958.96881756035
8147.0,0.8979010000000001,451409.51999460335
8148.0,0.912709,458812.86555223283
8149.0,0.9325180000000001,468728.59902047954
8150.0,0.9397040000000001,472298.1640867168
8151.0,0.919956,462331.165383259
8152.0,0.9044639999999999,454504.62775925803
8153.0,0.906285,455378.69186266523
8154.0,0.890402,447357.69067728636
8155.0,0.873282,438716.6694941276
8156.0,0.866935,435488.79934362654
8157.0,0.880116,442070.1319214253
8158.0,0.9295700000000001,466868.03372012445
8159.0,0.971366,487815.6165315114
8160.0,0.982714,493469.9197999276
8161.0,0.973356,488726.59317581216
8162.0,0.95165,477784.66948698653
8163.0,0.9409190000000001,472354.300541301
8164.0,0.9518559999999999,477801.5373663954
8165.0,0.9585629999999999,481124.62639367365
8166.0,0.9305950000000001,467044.4907003125
8167.0,0.872592,437894.36631163873
8168.0,0.8493879999999999,426211.16563334083
8169.0,0.872426,437731.55169888784
8170.0,0.895339,449187.10768341605
8171.0,0.9253629999999999,464207.7842989305
8172.0,0.9451639999999999,474097.8071401243
8173.0,0.939493,471210.3154149235
8174.0,0.9381889999999999,470513.427441635
8175.0,0.947305,475041.92287084233
8176.0,0.960684,481707.123550567
8177.0,0.9645870000000001,483620.0494045733
8178.0,0.950026,476276.0510500866
8179.0,0.9255540000000001,463965.14370677667
8180.0,0.907651,454949.0908140771
8181.0,0.894026,448078.7598017573
8182.0,0.890741,446391.51201711904
8183.0,0.91858,460300.7962164637
8184.0,0.948572,475286.2784891745
8185.0,0.9565879999999999,479258.8239754033
8186.0,0.951569,476700.56572414085
8187.0,0.9457620000000001,473748.0271907103
8188.0,0.9546889999999999,478175.833746474
8189.0,0.963417,482503.13647039747
8190.0,0.9487559999999999,475116.90168300545
8191.0,0.930743,466053.54086700664
8192.0,0.9399649999999999,470628.02358831756
8193.0,0.9575450000000001,479385.99331888184
8194.0,0.9659190000000001,483533.8503316709
8195.0,0.975045,488057.3288809468
8196.0,0.978298,489640.4960541515
8197.0,0.9660129999999999,483447.2544648095
8198.0,0.9413100000000001,471041.03504460695
8199.0,0.9326909999999999,466684.93146422814
8200.0,0.947141,473871.4354634329
8201.0,0.953901,477209.4975763855
8202.0,0.939265,469844.09596991714
8203.0,0.9193610000000001,459845.08658953244
8204.0,0.924803,462524.2655844006
8205.0,0.940242,470202.2870249798
8206.0,0.933356,466715.4642252776
8207.0,0.907055,453521.88146345684
8208.0,0.8899540000000001,444930.2353510575
8209.0,0.8864270000000001,443125.8148868295
8210.0,0.9002040000000001,449971.18990277033
8211.0,0.9362969999999999,467968.9904027855
8212.0,0.96341,481475.5604158929
8213.0,0.957376,478415.52724466677
8214.0,0.928584,463984.57078133646
8215.0,0.9144110000000001,456860.2532377553
8216.0,0.934926,467066.52593532635
8217.0,0.960174,479635.14463160123
8218.0,0.9652200000000001,482110.8422287441
8219.0,0.9617100000000001,480312.87449435616
8220.0,0.962925,480874.8315744194
8221.0,0.9612569999999999,479997.05076455435
8222.0,0.9517200000000001,475190.4430269405
8223.0,0.953095,475832.5207076322
8224.0,0.96714,482799.3560260891
8225.0,0.9756959999999999,487024.9918512113
8226.0,0.967036,482657.1358882336
8227.0,0.941528,469881.8558332847
8228.0,0.9263319999999999,462254.7981600327
8229.0,0.9378770000000001,467972.0890225507
8230.0,0.9479,472928.9216761946
8231.0,0.939792,468839.6775971087
8232.0,0.931882,464849.9428280155
8233.0,0.928185,462962.3011897817
8234.0,0.935265,466449.8608288315
8235.0,0.9490120000000001,473261.4962961934
8236.0,0.9367200000000001,467087.69254196266
8237.0,0.923976,460689.6591973564
8238.0,0.940823,469045.3353116636
8239.0,0.9548399999999999,475988.654451892
8240.0,0.950052,473557.2119027081
8241.0,0.942492,469744.61707633385
8242.0,0.9481719999999999,472531.0015229877
8243.0,0.9636309999999999,480189.8367347224
8244.0,0.969593,483115.1680977923
8245.0,0.9631629999999999,479865.99188067054
8246.0,0.962578,479529.2171155326
8247.0,0.9724860000000001,484419.3019619239
8248.0,0.978825,487530.79625062004
8249.0,0.978302,487224.18982790015
8250.0,0.979009,487530.1339290599
8251.0,0.980325,488139.2362016188
8252.0,0.9717870000000001,483841.9984384097
8253.0,0.950874,473384.75717807753
8254.0,0.9338280000000001,464854.4445490607
8255.0,0.941614,468685.78485641815
8256.0,0.950824,473225.0966332022
8257.0,0.949741,472641.18068933295
8258.0,0.9493309999999999,472392.2380493125
8259.0,0.954976,475156.03087149997
8260.0,0.96167,478441.16048759484
8261.0,0.9449200000000001,470063.1067521973
8262.0,0.902207,448772.2103912179
8263.0,0.8770870000000001,436235.5514623188
8264.0,0.8835639999999999,439415.1161647071
8265.0,0.8987700000000001,446934.7531463135
8266.0,0.914042,454485.74783403846
8267.0,0.9353459999999999,465034.2590960215
8268.0,0.950918,472731.17330812506
8269.0,0.9622379999999999,478312.9903274427
8270.0,0.971575,482908.09098874097
8271.0,0.9605229999999999,477369.1814960348
8272.0,0.9353870000000001,464832.38496397325
8273.0,0.9299649999999999,462093.7245962976
8274.0,0.9502799999999999,472142.8908372541
8275.0,0.959094,476476.42650646967
8276.0,0.9603440000000001,477051.68197390775
8277.0,0.970715,482157.2306581036
8278.0,0.9717399999999999,482620.03076958
8279.0,0.9548540000000001,474187.9727168356
8280.0,0.941725,467623.0845450475
8281.0,0.948882,471131.68283719465
8282.0,0.9481350000000001,470715.52408500895
8283.0,0.932853,463083.9998555889
8284.0,0.9377690000000001,465479.58246661985
8285.0,0.948845,470932.0178176578
8286.0,0.9293319999999999,461202.8663714373
8287.0,0.918485,455775.85637026076
8288.0,0.9269709999999999,459942.4740149864
8289.0,0.921984,457423.9036098361
8290.0,0.928948,460834.4713475046
8291.0,0.947722,470102.5192772442
8292.0,0.9516530000000001,472006.8270577303
8293.0,0.957951,475084.62710101483
8294.0,0.971418,481716.8443063971
8295.0,0.97803,484948.75264021975
8296.0,0.976107,483948.40370419377
8297.0,0.9610850000000001,476454.4397972772
8298.0,0.9338770000000001,462921.32094834815
8299.0,0.924292,458125.64538898715
8300.0,0.9418549999999999,466785.4853325416
8301.0,0.9617559999999999,476602.2258219688
8302.0,0.9713940000000001,481331.6561785374
8303.0,0.9672200000000001,479216.8763609802
8304.0,0.947766,469532.61861171166
8305.0,0.926665,459034.3565107267
8306.0,0.931542,461405.36563893815
8307.0,0.9510639999999999,471029.0496134885
8308.0,0.963865,477322.4807375751
8309.0,0.966304,478483.7201785879
8310.0,0.960169,475399.54259620636
8311.0,0.9570540000000001,473811.0589652381
8312.0,0.9637399999999999,477074.591156106
8313.0,0.968827,479545.9944765362
8314.0,0.9675799999999999,478882.01828072534
8315.0,0.9653309999999999,477722.2767248961
8316.0,0.967686,478840.93725144
8317.0,0.9715020000000001,480682.23051867064
8318.0,0.97311,481430.7647288052
8319.0,0.9710770000000001,480377.9755537664
8320.0,0.963952,476806.6729184151
8321.0,0.9625389999999999,476061.1355634398
8322.0,0.9505600000000001,470090.40368217515
8323.0,0.912817,451380.72381603986
8324.0,0.900183,445089.67003906716
8325.0,0.92853,459060.6292321347
8326.0,0.953787,471501.29163330933
8327.0,0.9608979999999999,474969.9550752607
8328.0,0.954984,472000.31262848177
8329.0,0.9487639999999999,468880.0026699218
8330.0,0.9498629999999999,469376.98137078003
8331.0,0.9422860000000001,465586.99335055327
8332.0,0.9340280000000001,461461.2743344856
8333.0,0.944997,466834.60430895566
8334.0,0.9597559999999999,474078.951023321
8335.0,0.9623010000000001,475289.2390242756
8336.0,0.9619540000000001,475071.0184935742
8337.0,0.966836,477434.95692176896
8338.0,0.9628540000000001,475421.68798564805
8339.0,0.94342,465779.9178590218
8340.0,0.922902,455604.8929664026
8341.0,0.9229790000000001,455597.8903477958
8342.0,0.938608,463266.8334735456
8343.0,0.944617,466186.58120112313
8344.0,0.9526290000000001,470094.1474089068
8345.0,0.965168,476234.63418208435
8346.0,0.9668540000000001,477019.30648393254
8347.0,0.955836,471536.6126536864
8348.0,0.934768,461097.5674103359
8349.0,0.927057,457248.5860762747
8350.0,0.944189,465652.3408771364
8351.0,0.953184,470041.81988124026
8352.0,0.955198,470988.2168162577
8353.0,0.959226,472927.36332305154
8354.0,0.938649,462736.2971348255
8355.0,0.902799,445018.678581514
8356.0,0.9052600000000001,446187.4059424368
8357.0,0.9372469999999999,461907.29701766995
8358.0,0.941284,463850.69227703987
8359.0,0.899817,443372.21740884794
8360.0,0.832017,409923.87406292197
8361.0,0.782384,385431.92535572394
8362.0,0.819486,403669.5172196443
8363.0,0.8936299999999999,440148.09902945807
8364.0,0.914264,450266.21822506905
8365.0,0.9081549999999999,447212.93840378104
8366.0,0.916149,451104.4490399867
8367.0,0.9308350000000001,458289.9160866923
8368.0,0.938282,461910.20906373457
8369.0,0.943005,464188.8797933823
8370.0,0.921183,453401.7511551542
8371.0,0.873281,429781.5944370792
8372.0,0.8635940000000001,424971.613582061
8373.0,0.902488,444066.7201114698
8374.0,0.927201,456180.9536643548
8375.0,0.9220870000000001,453619.3838962266
8376.0,0.917899,451513.80246816034
8377.0,0.919737,452372.50674157584
8378.0,0.916623,450795.61863381806
8379.0,0.9374899999999999,461011.7055321706
8380.0,0.954148,469156.1429195452
8381.0,0.9297780000000001,457127.41117447655
8382.0,0.9097709999999999,447245.9370298946
8383.0,0.9154770000000001,450005.737098261
8384.0,0.9176270000000001,451017.17020759266
8385.0,0.917259,450790.8937285743
8386.0,0.921594,452875.71567224053
8387.0,0.9261889999999999,455087.84577892674
8388.0,0.9216770000000001,452825.18450539844
8389.0,0.9074469999999999,445788.9282447664
8390.0,0.882491,433485.3864264919
8391.0,0.862084,423418.5785750218
8392.0,0.898223,441123.93900017935
8393.0,0.9542309999999999,468582.525058248
8394.0,0.9795280000000001,480956.1860558298
8395.0,0.987609,484874.9787808966
8396.0,0.99045,486220.5910840146
8397.0,0.9903930000000001,486143.3957011222
8398.0,0.980267,481124.2306591518
8399.0,0.946685,464594.79852986056
8400.0,0.919243,451081.6503356486
8401.0,0.935838,459178.41914868745
8402.0,0.9482,465196.76776047656
8403.0,0.9310350000000001,456729.08782836195
8404.0,0.928809,455590.8434174707
8405.0,0.953448,467629.04032096465
8406.0,0.9723450000000001,476848.8260793367
8407.0,0.9701049999999999,475701.9460801658
8408.0,0.960158,470776.4439708293
8409.0,0.9416540000000001,461656.75084774307
8410.0,0.916114,449089.7600146867
8411.0,0.915833,448906.2993872737
8412.0,0.9379040000000001,459677.8317594969
8413.0,0.947493,464330.1929194446
8414.0,0.9506379999999999,465823.9445428359
8415.0,0.9671559999999999,473869.62803084066
8416.0,0.9794440000000001,479841.3176794779
8417.0,0.967202,473795.44988780806
8418.0,0.927048,454079.1612573579
8419.0,0.878469,430240.6320923034
8420.0,0.845103,413856.9376190045
8421.0,0.851842,417114.45567157166
8422.0,0.895919,438652.4065097758
8423.0,0.9115840000000001,446276.504116575
8424.0,0.895739,438474.5114874238
8425.0,0.909035,444937.4862141678
8426.0,0.946241,463100.935258591
8427.0,0.9677120000000001,473560.5419319583
8428.0,0.9734649999999999,476326.99137522804
8429.0,0.97754,478271.86905460706
8430.0,0.979165,479017.75698993704
8431.0,0.978751,478766.0689992243
8432.0,0.965888,472425.4772528432
8433.0,0.921588,450711.5921368778
8434.0,0.888476,434473.18402959715
8435.0,0.915233,447511.5897828634
8436.0,0.9456040000000001,462314.20707144705
8437.0,0.9352440000000001,457202.0553826584
8438.0,0.8943620000000001,437171.52663341095
8439.0,0.8647469999999999,422651.9353658933
8440.0,0.892491,436167.08964115113
8441.0,0.942867,460738.7248266854
8442.0,0.962253,470163.3453680297
8443.0,0.96799,472917.69131823553
8444.0,0.9756790000000001,476625.00785500347
8445.0,0.971432,474501.32903672114
8446.0,0.959125,468441.519119257
8447.0,0.962068,469830.3445519168
8448.0,0.974892,476043.7915644319
8449.0,0.9775659999999999,477300.15462071623
8450.0,0.974907,475952.64565104473
8451.0,0.9790909999999999,477945.81897984975
8452.0,0.981074,478864.2421620419
8453.0,0.97788,477255.8075562475
8454.0,0.979424,477959.8297814394
8455.0,0.975917,476199.0439870253
8456.0,0.9361700000000001,456757.1114706458
8457.0,0.863669,421340.17731166387
8458.0,0.855709,417413.57415566524
8459.0,0.920005,448730.4741358654
8460.0,0.967872,472028.4696889397
8461.0,0.9797680000000001,477780.4670140912
8462.0,0.978727,477223.2166151991
8463.0,0.9801620000000001,477873.21906837623
8464.0,0.97272,474195.5735361338
8465.0,0.951731,463915.2690157573
8466.0,0.939896,458098.67543650564
8467.0,0.94642,461230.3844567942
8468.0,0.951519,463667.02688260307
8469.0,0.953556,464611.2066995828
8470.0,0.953512,464541.32360413193
8471.0,0.954307,464880.1406265762
8472.0,0.960725,467957.7595244826
8473.0,0.9674440000000001,471181.3099956713
8474.0,0.9759110000000001,475255.41521068785
8475.0,0.9787030000000001,476565.2854784578
8476.0,0.973366,473916.9719651697
8477.0,0.966881,470710.3024764628
8478.0,0.955801,465267.5122378745
8479.0,0.945981,460439.1189313095
8480.0,0.931384,453286.83764056995
8481.0,0.8932979999999999,434705.57920496265
8482.0,0.857621,417300.3594144729
8483.0,0.85836,417616.1688806506
8484.0,0.875217,425772.92661792564
8485.0,0.892048,433915.3046870684
8486.0,0.9190360000000001,446996.0621797746
8487.0,0.950749,462371.931497384
8488.0,0.9614389999999999,467521.63553315407
8489.0,0.952349,463052.7682050602
8490.0,0.929276,451786.6922089505
8491.0,0.910425,442575.35771205835
8492.0,0.9256129999999999,449911.21931639407
8493.0,0.9298209999999999,451909.04513606697
8494.0,0.9161959999999999,445240.19385944674
8495.0,0.9325950000000001,453161.83349437395
8496.0,0.946232,459739.82578008494
8497.0,0.939426,456384.942508649
8498.0,0.931989,452724.22747855063
8499.0,0.912248,443088.08375432756
8500.0,0.901481,437812.25261749
8501.0,0.9102120000000001,442005.8897754339
8502.0,0.918708,446084.5132471347
8503.0,0.9315450000000001,452269.83007886633
8504.0,0.932398,452636.1388651014
8505.0,0.896324,435077.88974862173
8506.0,0.857351,416116.2973724491
8507.0,0.8703860000000001,422398.16681803303
8508.0,0.9188440000000001,445867.6419592683
8509.0,0.943471,457769.39471080666
8510.0,0.9359370000000001,454065.8324089114
8511.0,0.9112020000000001,442018.9237449568
8512.0,0.871807,422863.81585991
8513.0,0.840116,407449.12124980334
8514.0,0.8227780000000001,398998.01933101565
8515.0,0.8500200000000001,412165.0244235328
8516.0,0.892993,432956.1875375079
8517.0,0.9017040000000001,437133.187685861
8518.0,0.8843,428650.4450104011
8519.0,0.886074,429464.72718029417
8520.0,0.906905,439514.43053890637
8521.0,0.913248,442541.38497117563
8522.0,0.894932,433619.6947686565
8523.0,0.895805,433996.5009028001
8524.0,0.9181389999999999,444769.4487606938
8525.0,0.9281299999999999,449561.45949227375
8526.0,0.939049,454801.8771576223
8527.0,0.942003,456183.9431386657
8528.0,0.9429540000000001,456595.8015330481
8529.0,0.953849,461822.1043894387
8530.0,0.9526110000000001,461173.4986570747
8531.0,0.947916,458851.6000990698
8532.0,0.9649540000000001,467049.2041530236
8533.0,0.980504,474524.90096368926
8534.0,0.9671200000000001,467997.56855863315
8535.0,0.9227540000000001,446480.75734477234
8536.0,0.8905780000000001,430866.10690327856
8537.0,0.903387,437016.4150293251
8538.0,0.90895,439660.4839207236
8539.0,0.8774190000000001,424363.4614957032
8540.0,0.8221930000000001,397610.83968278085
8541.0,0.785022,379594.3533680535
8542.0,0.826729,399718.77292014204
8543.0,0.903443,436762.72958879854
8544.0,0.941327,455028.6621763704
8545.0,0.961292,464629.7058285419
8546.0,0.977467,472397.0082617703
8547.0,0.974958,471133.8561157691
8548.0,0.947635,457881.2451556976
8549.0,0.9131389999999999,441165.95770206035
8550.0,0.894036,431890.27957387187
8551.0,0.883973,426983.1409307167
8552.0,0.895799,432648.8846083922
8553.0,0.941177,454516.4347549084
8554.0,0.973934,470284.9350029658
8555.0,0.983347,474779.07890509296
8556.0,0.984642,475353.1245933511
8557.0,0.9839870000000001,474985.72743789334
8558.0,0.979424,472732.13680743973
8559.0,0.9631780000000001,464840.65946050425
8560.0,0.948918,457909.22346302384
8561.0,0.960828,463606.47453494364
8562.0,0.9746370000000001,470218.65488341596
8563.0,0.959908,463062.56505442015
8564.0,0.9135489999999999,440651.2366522592
8565.0,0.890157,429321.6857766332
8566.0,0.9224899999999999,444867.75950778153
8567.0,0.946417,456357.12196862954
8568.0,0.935011,450808.4391597054
8569.0,0.930443,448557.4671390276
8570.0,0.950515,458184.3767738117
8571.0,0.954851,460224.6497938384
8572.0,0.9386909999999999,452386.7463310548
8573.0,0.937269,451652.48635533795
8574.0,0.946242,455926.976799759
8575.0,0.9459569999999999,455740.22691058915
8576.0,0.948268,456804.0517415273
8577.0,0.95315,459106.00236688246
8578.0,0.9282030000000001,447041.18541687663
8579.0,0.862549,415375.78718516405
8580.0,0.834667,401905.0478563143
8581.0,0.8742409999999999,420914.791155293
8582.0,0.904801,435580.94429879443
8583.0,0.898028,432273.3326815497
8584.0,0.911234,438582.43234799517
8585.0,0.946319,455419.4859856078
8586.0,0.954393,459255.12404014624
8587.0,0.940749,452640.31276123784
8588.0,0.944825,454551.94876527315
8589.0,0.960433,462010.5449638009
8590.0,0.9622440000000001,462831.2513982594
8591.0,0.958026,460752.1737618867
8592.0,0.9598450000000001,461576.6392471418
8593.0,0.968087,465489.2995077522
8594.0,0.974826,468678.4674874062
8595.0,0.9726309999999999,467572.08127611375
8596.0,0.9619110000000001,462368.1450237618
8597.0,0.9425,452988.21875077905
8598.0,0.9131799999999999,438848.336729068
8599.0,0.898365,431681.45299785654
8600.0,0.922258,443114.0101163771
8601.0,0.951418,457074.38301632565
8602.0,0.957917,460146.2106758233
8603.0,0.9520059999999999,457256.712378322
8604.0,0.9467700000000001,454691.9970382623
8605.0,0.9308620000000001,447003.0904147111
8606.0,0.9025850000000001,433376.8623856828
8607.0,0.864885,415229.6364945236
8608.0,0.866359,415891.67000867776
8609.0,0.898734,431385.7930930091
8610.0,0.8975709999999999,430780.2643215188
8611.0,0.910274,436828.96484703186
8612.0,0.944425,453167.80776941986
8613.0,0.956617,458967.5073878094
8614.0,0.956779,458994.76771180594
8615.0,0.958773,459900.7663245843
8616.0,0.9645370000000001,462614.72378716257
8617.0,0.9716610000000001,465980.27737723564
8618.0,0.971891,466039.2695818992
8619.0,0.965643,462992.2498121504
8620.0,0.9602860000000001,460373.0346487935
8621.0,0.953051,456854.13641767006
8622.0,0.928731,445147.0353245809
8623.0,0.8850600000000001,424168.4513575583
8624.0,0.8712,417479.93538395705
8625.0,0.894861,428770.9921751937
8626.0,0.8997350000000001,431058.77289869194
8627.0,0.878289,420737.63227593584
8628.0,0.8761110000000001,419647.9189597278
8629.0,0.892598,427497.7756486143
8630.0,0.908819,435218.4931436788
8631.0,0.917567,439359.1807978134
8632.0,0.9232090000000001,442011.8474667275
8633.0,0.9300860000000001,445255.13033992343
8634.0,0.9411860000000001,450519.10395635373
8635.0,0.956625,457858.6164113529
8636.0,0.945609,452536.0253636014
8637.0,0.916842,438720.5126917527
8638.0,0.896173,428782.6061522978
8639.0,0.873102,417697.7489007496
8640.0,0.8845770000000001,423140.5302435098
8641.0,0.900062,430500.068088724
8642.0,0.867251,414760.5161493723
8643.0,0.857434,410020.0370251021
8644.0,0.895708,428274.87767412094
8645.0,0.9136690000000001,436814.239377375
8646.0,0.9072530000000001,433698.62449428806
8647.0,0.9001879999999999,430273.47056502517
8648.0,0.908357,434129.82184192294
8649.0,0.926085,442553.30555151554
8650.0,0.9060159999999999,432914.6439006942
8651.0,0.859527,410655.44647443795
8652.0,0.850526,406309.7987527353
8653.0,0.8803120000000001,420492.20181869273
8654.0,0.903005,431283.7403440175
8655.0,0.9236270000000001,441083.83350474556
8656.0,0.946257,451840.5460356744
8657.0,0.9612709999999999,458958.58019271726
8658.0,0.965385,460871.3823361674
8659.0,0.9646959999999999,460491.05562958936
8660.0,0.966485,461293.5155063714
8661.0,0.959609,457960.5185124171
8662.0,0.9440379999999999,450479.13506048307
8663.0,0.939559,448291.7265256867
8664.0,0.9298770000000001,443622.5553804894
8665.0,0.8858450000000001,422568.6579769813
8666.0,0.814664,388570.19379901123
8667.0,0.752626,358939.76551746106
8668.0,0.748321,356846.6905291159
8669.0,0.802872,382817.1800221106
8670.0,0.870442,414988.7245290061
8671.0,0.863122,411452.7605329575
8672.0,0.7974359999999999,380097.44593015633
8673.0,0.7866270000000001,374903.3024850741
8674.0,0.8570180000000001,408405.5624196131
8675.0,0.9290430000000001,442678.8696659492
8676.0,0.956361,455644.4561377594
8677.0,0.9662040000000001,460282.33176644635
8678.0,0.974686,464270.86009750067
8679.0,0.976899,465272.7009434798
8680.0,0.973914,463798.8939628967
8681.0,0.963189,458639.8546379529
8682.0,0.920841,438425.78298603185
8683.0,0.8424360000000001,401050.90578091267
8684.0,0.822098,391324.74037986994
8685.0,0.879375,418541.9015951933
8686.0,0.9230889999999999,439298.27973159734
8687.0,0.93578,445287.7714457949
8688.0,0.91733,436459.22129270766
8689.0,0.9112290000000001,433507.5453359646
8690.0,0.927158,441035.8712105134
8691.0,0.893999,425214.64795826253
8692.0,0.838141,398601.8170154933
8693.0,0.8409540000000001,399894.4875292602
8694.0,0.873346,415250.80723822303
8695.0,0.880236,418479.5439205748
8696.0,0.8998870000000001,427773.64761179115
8697.0,0.920911,437718.23128274916
8698.0,0.920222,437341.30599408236
8699.0,0.9222790000000001,438269.3508703755
8700.0,0.9293399999999999,441574.80924774485
8701.0,0.9307139999999999,442177.6327038058
8702.0,0.923092,438506.8266579455
8703.0,0.909802,432144.60091025714
8704.0,0.869706,413052.72100139275
8705.0,0.826466,392472.1229071142
8706.0,0.8356520000000001,396789.40341662214
8707.0,0.8685290000000001,412353.5168463024
8708.0,0.858866,407719.5576031639
8709.0,0.854276,405494.6031732332
8710.0,0.87669,416086.52326456713
8711.0,0.905025,429485.8709538222
8712.0,0.943314,447605.3592936689
8713.0,0.969943,460188.6342514135
8714.0,0.96425,457435.6251451469
8715.0,0.925278,438897.6136691654
8716.0,0.891329,422746.14019742317
8717.0,0.897949,425837.49734227284
8718.0,0.9290950000000001,440557.85866029427
8719.0,0.94715,449068.0713110791
8720.0,0.950217,450470.9396131716
8721.0,0.95567,453004.4729093951
8722.0,0.960734,455353.0354572095
8723.0,0.9569610000000001,453513.1009561189
8724.0,0.9302469999999999,440802.84021184983
8725.0,0.874217,414205.48507997126
8726.0,0.804237,381005.3943263068
8727.0,0.7884760000000001,373496.05159978074
8728.0,0.8659040000000001,410126.4023459811
8729.0,0.9303959999999999,440622.0714651779
8730.0,0.946089,448002.89636308077
8731.0,0.9567680000000001,453007.9986207249
8732.0,0.9418190000000001,445879.04378236143
8733.0,0.9122969999999999,431853.2872132736
8734.0,0.910099,430763.57672233443
8735.0,0.9284459999999999,439397.24091049004
8736.0,0.9552959999999999,452052.58694405
8737.0,0.97115,459502.2289966122
8738.0,0.9717549999999999,459735.86452675797
8739.0,0.964514,456257.91826827446
8740.0,0.963476,455714.7046216286
8741.0,0.9716819999999999,459543.4139681296
8742.0,0.970888,459115.2874942088
8743.0,0.97091,459073.0643641181
8744.0,0.9779629999999999,462354.89862089045
8745.0,0.9704870000000001,458767.8209633839
8746.0,0.933659,441307.8825754284
8747.0,0.8958079999999999,423368.44887856656
8748.0,0.9059459999999999,428110.6241797254
8749.0,0.916695,433140.388829123
8750.0,0.889575,420277.84754990414
8751.0,0.8919229999999999,421338.73658837215
8752.0,0.9248379999999999,436837.35773359577
8753.0,0.9391229999999999,443533.7248690544
8754.0,0.92491,436770.90015598934
8755.0,0.909244,429323.5378836258
8756.0,0.934637,441262.7275373684
8757.0,0.9714860000000001,458607.1553907265
8758.0,0.9832639999999999,464113.72139620973
8759.0,0.978856,461979.8690065095
8760.0,0.967424,456531.8282026645
8761.0,0.935214,441280.9174655214
8762.0,0.889825,419815.7043061302
8763.0,0.8625360000000001,406893.94006838556
8764.0,0.8479129999999999,399949.5241989308
8765.0,0.83744,394963.96655641607
8766.0,0.8442569999999999,398133.12630132673
8767.0,0.888381,418892.66884733486
8768.0,0.9036629999999999,426049.28216468066
8769.0,0.8396889999999999,395841.77491290687
8770.0,0.802488,378260.95736244443
8771.0,0.8668819999999999,408566.49601838965
8772.0,0.9211530000000001,434094.5313418599
8773.0,0.910429,428991.20740188274
8774.0,0.909176,428351.2319234047
8775.0,0.9186719999999999,432775.1060710452
8776.0,0.924221,435338.76744868665
8777.0,0.9527610000000001,448730.08440808096
8778.0,0.980408,461697.7429324367
8779.0,0.984828,463725.4884970352
8780.0,0.971007,457164.60656545206
8781.0,0.946116,445393.90668104147
8782.0,0.9232670000000001,434587.09635114094
8783.0,0.908976,427810.604733303
8784.0,0.9155049999999999,430833.4850743248
8785.0,0.9544360000000001,449102.14234135865
8786.0,0.985051,463453.96445681347
8787.0,0.990475,465951.7628875581
8788.0,0.984713,463187.31077527016
8789.0,0.981153,461459.13094066654
8790.0,0.983276,462403.86752429995
8791.0,0.985448,463371.4029078144
8792.0,0.9823200000000001,461846.84710635047
8793.0,0.977497,459525.79678903776
8794.0,0.97856,459971.9781639738
8795.0,0.970109,455946.50017890433
8796.0,0.9361729999999999,439945.5069719386
8797.0,0.8969659999999999,421471.45261655626
8798.0,0.8885879999999999,417486.0993559851
8799.0,0.9201309999999999,432255.5883209935
8800.0,0.94347,443168.01944930875
8801.0,0.935609,439424.2872233502
8802.0,0.931494,437440.57320939505
8803.0,0.9513450000000001,446710.7043587769
8804.0,0.9781540000000001,459245.4469084831
8805.0,0.9874629999999999,463561.91216724436
8806.0,0.973893,457138.1153156298
8807.0,0.951881,446753.6484531019
8808.0,0.9561540000000001,448706.6870129906
8809.0,0.979294,459512.1726243758
8810.0,0.9903379999999999,464639.9917441748
8811.0,0.9905010000000001,464662.11371489824
8812.0,0.9890620000000001,463932.7689564494
8813.0,0.9872290000000001,463018.78355208534
8814.0,0.9857540000000001,462272.8755492531
8815.0,0.974727,457048.20015439857
8816.0,0.94589,443474.6195174598
8817.0,0.9369129999999999,439214.34392158437
8818.0,0.95965,449820.4723325382
8819.0,0.9710690000000001,455119.5850893347
8820.0,0.96824,453740.4793802084
8821.0,0.9644520000000001,451912.3180048302
8822.0,0.9580190000000001,448845.3445656502
8823.0,0.945111,442745.7973507482
8824.0,0.928817,435061.6449498108
8825.0,0.936658,438682.8805598195
8826.0,0.943118,441656.530845668
8827.0,0.8867799999999999,415224.98835219344
8828.0,0.804161,376495.2949286473
8829.0,0.828917,388040.0327502513
8830.0,0.9197690000000001,430519.849061358
8831.0,0.9608770000000001,449708.5248112478
8832.0,0.9509920000000001,445029.7888111521
8833.0,0.939261,439488.3735369513
8834.0,0.956306,447411.1970328345
8835.0,0.968966,453280.83738327766
8836.0,0.9549,446648.16394902254
8837.0,0.9450770000000001,442001.4335800323
8838.0,0.9574090000000001,447716.19005778723
8839.0,0.9480370000000001,443281.26485591155
8840.0,0.9106709999999999,425759.52908447594
8841.0,0.903329,422277.1574059268
8842.0,0.9436760000000001,441086.02562226524
8843.0,0.9789190000000001,457505.0418274094
8844.0,0.98061,458241.2360881281
8845.0,0.955204,446316.24191233166
8846.0,0.9388209999999999,438609.51557112037
8847.0,0.94405,441000.3466290803
8848.0,0.9347489999999999,436603.8987590387
8849.0,0.931406,434991.0118812379
8850.0,0.9541059999999999,445539.8111442768
8851.0,0.977188,456264.45611166797
8852.0,0.9783709999999999,456762.76430556667
8853.0,0.9662719999999999,451060.82603310206
8854.0,0.969736,452624.2461982394
8855.0,0.986302,460301.90878265304
8856.0,0.993124,463430.7967957553
8857.0,0.9924700000000001,463070.73889075126
8858.0,0.9934299999999999,463463.72213044023
8859.0,0.994765,464031.51806130115
8860.0,0.991711,462552.04818813625
8861.0,0.981459,457716.02770242555
8862.0,0.9682850000000001,451518.58259746333
8863.0,0.961383,448246.92085844174
8864.0,0.954987,445211.9104057587
8865.0,0.9449299999999999,440471.0559018753
8866.0,0.948591,442125.07592200843
8867.0,0.953649,444429.72720574006
8868.0,0.9551629999999999,445082.3934391931
8869.0,0.944493,440058.11525691504
8870.0,0.911323,424553.059320818
8871.0,0.880741,410257.1853955323
8872.0,0.899135,418775.4463391494
8873.0,0.953357,443976.6978919571
8874.0,0.9839190000000001,458154.8205310124
8875.0,0.9922549999999999,461981.4008533984
8876.0,0.9924200000000001,462003.18691950734
8877.0,0.9908239999999999,461205.2422073468
8878.0,0.9893190000000001,460449.8194475364
8879.0,0.981202,456617.55860578566
8880.0,0.963393,448276.40560798586
8881.0,0.9496020000000001,441806.61368948146
8882.0,0.949083,441512.4658103681
8883.0,0.9476399999999999,440788.5749724861
8884.0,0.958577,445822.62538841413
8885.0,0.978404,454989.591451124
8886.0,0.9862139999999999,458566.7197644612
8887.0,0.9868379999999999,458802.04744526953
8888.0,0.983234,457071.84500821854
8889.0,0.9755860000000001,453462.3423268421
8890.0,0.9730700000000001,452238.802350869
8891.0,0.9716290000000001,451515.085440839
8892.0,0.956767,444555.54062443797
8893.0,0.929581,431872.05942917365
8894.0,0.911173,423269.25801729667
8895.0,0.909566,422472.16865909315
8896.0,0.897,416585.66052817093
8897.0,0.8799809999999999,408632.7239453589
8898.0,0.915385,425022.1840952378
8899.0,0.9608110000000001,446060.4513030096
8900.0,0.970815,450650.81702986034
8901.0,0.971083,450721.1670020414
8902.0,0.970886,450575.6786896971
8903.0,0.951266,441417.32193144335
8904.0,0.917845,425857.8133199255
8905.0,0.8897950000000001,412793.73445010115
8906.0,0.8915930000000001,413578.19594437676
8907.0,0.930883,431751.56278407486
8908.0,0.950946,441003.9667439191
8909.0,0.9271469999999999,429915.441615871
8910.0,0.907517,420762.48296581634
8911.0,0.932315,432207.890364034
8912.0,0.9686950000000001,449019.12897105434
8913.0,0.9810629999999999,454697.3610329027
8914.0,0.9686670000000001,448898.11250667385
8915.0,0.9550049999999999,442513.6218963161
8916.0,0.965074,447125.382391567
8917.0,0.977508,452831.60039929766
8918.0,0.967375,448083.49603262835
8919.0,0.955657,442602.43893859006
8920.0,0.9608770000000001,444966.3925442823
8921.0,0.972397,450246.8308066392
8922.0,0.9781219999999999,452843.05258334865
8923.0,0.964657,446555.26711233373
8924.0,0.942371,436186.08758631494
8925.0,0.944142,436953.0756911499
8926.0,0.964332,446243.2238439933
8927.0,0.97846,452726.2654844211
8928.0,0.963584,445789.40329422
8929.0,0.914063,422828.081126316
8930.0,0.8978879999999999,415295.6461621776
8931.0,0.9312389999999999,430669.256944764
8932.0,0.936457,433030.0612225001
8933.0,0.916163,423594.6162102994
8934.0,0.896017,414229.8545252592
8935.0,0.8986799999999999,415410.69479290466
8936.0,0.9281520000000001,428982.0672803899
8937.0,0.957202,442355.1145097628
8938.0,0.9805309999999999,453081.35774101503
8939.0,0.9920399999999999,458343.88725673896
8940.0,0.994648,459493.16497469967
8941.0,0.993843,459065.6455361382
8942.0,0.992466,458374.02834300895
8943.0,0.990402,457365.30278928176
8944.0,0.97982,452423.6856266399
8945.0,0.9537190000000001,440318.34723370476
8946.0,0.911437,420746.297192036
8947.0,0.8933110000000001,412328.7490223645
8948.0,0.9359879999999999,431974.8761089284
8949.0,0.9786940000000001,451629.5953439014
8950.0,0.992326,457864.6182681437
8951.0,0.9943639999999999,458749.2206672615
8952.0,0.9922190000000001,457703.9971090037
8953.0,0.9831850000000001,453481.5432267824
8954.0,0.951775,438940.70535950345
8955.0,0.898576,414355.92921254097
8956.0,0.895123,412713.45205129695
8957.0,0.9508909999999999,438372.99945091625
8958.0,0.986334,454657.3354911049
8959.0,0.988931,455798.94364154653
8960.0,0.9801139999999999,451680.17350670806
8961.0,0.9738129999999999,448721.72947867255
8962.0,0.9631209999999999,443740.91033451713
8963.0,0.950578,437908.5731698276
8964.0,0.96144,442858.4475936248
8965.0,0.978984,450884.5821954977
8966.0,0.98221,452315.1907260367
8967.0,0.9828600000000001,452559.3066922497
8968.0,0.986866,454348.42891071
8969.0,0.987801,454723.39244845026
8970.0,0.9846440000000001,453214.76617944567
8971.0,0.981268,451605.6979507624
8972.0,0.976865,449524.4070519557
8973.0,0.968097,445435.2054858687
8974.0,0.963249,443150.4102104398
8975.0,0.95391,438800.285243388
8976.0,0.9152680000000001,420973.42010760366
8977.0,0.896231,412167.02450974134
8978.0,0.937308,431005.1662709917
8979.0,0.975932,448710.84689226997
8980.0,0.978894,450017.6220927534
8981.0,0.966363,444202.4793864108
8982.0,0.961059,441710.3267296683
8983.0,0.962886,442495.8269656248
8984.0,0.972556,446884.93647014466
8985.0,0.983885,452035.159475122
8986.0,0.9834360000000001,451773.4901010875
8987.0,0.971507,446238.7974323701
8988.0,0.965248,443309.5028927997
8989.0,0.966234,443707.9100941882
8990.0,0.955484,438717.5283838369
8991.0,0.9534959999999999,437750.9945914489
8992.0,0.9662430000000001,443548.70139890787
8993.0,0.97119,445764.85577116796
8994.0,0.977085,448415.5131186307
8995.0,0.9828950000000001,451026.4945572834
8996.0,0.9653959999999999,442942.19779658865
8997.0,0.9274959999999999,425500.6481889828
8998.0,0.927436,425420.81653470226
8999.0,0.9630989999999999,441725.3384920831
9000.0,0.965465,442756.04028206615
9001.0,0.9350780000000001,428768.0011538936
9002.0,0.935652,428978.4062854072
9003.0,0.9680799999999999,443791.38754293654
9004.0,0.9831790000000001,450657.64540081343
9005.0,0.969612,444384.2373092726
9006.0,0.933457,427761.29145797034
9007.0,0.921982,422450.7603583736
9008.0,0.953573,436871.8631563341
9009.0,0.973922,446139.5937729372
9010.0,0.973801,446029.1642129523
9011.0,0.967117,442913.0676558897
9012.0,0.9501569999999999,435092.17401183146
9013.0,0.939692,430246.98833683634
9014.0,0.943174,431787.9584494941
9015.0,0.957375,438235.11403629684
9016.0,0.9752299999999999,446353.0573437328
9017.0,0.9841059999999999,450359.88428476674
9018.0,0.9891639999999999,452618.6721698618
9019.0,0.9917,453723.0149444707
9020.0,0.9887440000000001,452314.6726225347
9021.0,0.981949,449150.6712852945
9022.0,0.9807799999999999,448560.48745670373
9023.0,0.984978,450424.72732437
9024.0,0.985268,450501.6010294531
9025.0,0.975769,446103.09014430974
9026.0,0.9548180000000001,436470.65853471647
9027.0,0.9333239999999999,426592.40406951733
9028.0,0.925517,422971.689597622
9029.0,0.9427979999999999,430815.9311462552
9030.0,0.9710260000000001,443659.87269955396
9031.0,0.9846370000000001,449822.9604929647
9032.0,0.985665,450236.77742641524
9033.0,0.9811790000000001,448132.07244790625
9034.0,0.972881,444287.03741592803
9035.0,0.967844,441931.9571878811
9036.0,0.976284,445730.47637506906
9037.0,0.985547,449903.7336314622
9038.0,0.9876959999999999,450828.78585226403
9039.0,0.989217,451466.97632378107
9040.0,0.9920979999999999,452725.5988837395
9041.0,0.9930260000000001,453092.7836752005
9042.0,0.988145,450809.6856230942
9043.0,0.979556,446835.68802787975
9044.0,0.977045,445634.86284384166
9045.0,0.9809110000000001,447342.534526323
9046.0,0.983605,448515.3396047495
9047.0,0.986475,449768.07729142025
9048.0,0.989914,451279.8775922957
9049.0,0.991099,451763.8605796285
9050.0,0.9916020000000001,451936.8715067731
9051.0,0.991718,451933.46022447146
9052.0,0.989801,451003.6912894249
9053.0,0.98598,449206.6825464803
9054.0,0.981123,446938.1647210271
9055.0,0.9805459999999999,446619.64905337896
9056.0,0.986259,449165.80838456016
9057.0,0.989923,450778.26574957685
9058.0,0.9902200000000001,450857.2713146622
9059.0,0.990455,450908.0112644143
9060.0,0.9883069999999999,449873.98486535065
9061.0,0.980524,446275.48369286815
9062.0,0.968203,440612.6943342298
9063.0,0.9624780000000001,437952.6516306959
9064.0,0.9678049999999999,440321.57450059947
9065.0,0.971987,442169.0111174813
9066.0,0.970216,441308.2107780747
9067.0,0.968469,440458.5210083892
9068.0,0.9651700000000001,438903.2644837283
9069.0,0.954226,433872.30990062846
9070.0,0.954261,433833.9571203371
9071.0,0.9658450000000001,439045.43875128136
9072.0,0.9528989999999999,433106.3575201848
9073.0,0.9416190000000001,427925.8696150363
9074.0,0.961324,436826.26400581875
9075.0,0.970409,440899.2795583601
9076.0,0.96315,437546.3908978169
9077.0,0.968781,440049.34669601213
9078.0,0.974999,442818.25529145857
9079.0,0.977399,443852.63487567514
9080.0,0.982815,446256.17787377466
9081.0,0.976576,443367.70209215954
9082.0,0.9676629999999999,439266.08119176095
9083.0,0.973332,441784.06973688566
9084.0,0.977794,443753.6323012624
9085.0,0.969457,439914.8215607075
9086.0,0.9426479999999999,427695.88536170084
9087.0,0.9143469999999999,414803.1365472719
9088.0,0.9056780000000001,410818.7519212646
9089.0,0.9137850000000001,414444.04702424526
9090.0,0.93675,424806.36095103796
9091.0,0.9582879999999999,434519.0035322385
9092.0,0.9647180000000001,437379.58701877797
9093.0,0.957571,434084.725479805
9094.0,0.9429770000000001,427415.23433420854
9095.0,0.949486,430311.3774903933
9096.0,0.9737790000000001,441265.54853499227
9097.0,0.973684,441166.9721598963
9098.0,0.9517629999999999,431180.4925272029
9099.0,0.949674,430179.9365407402
9100.0,0.9605520000000001,435052.6190533329
9101.0,0.952092,431166.60313894483
9102.0,0.9332520000000001,422581.42837092234
9103.0,0.931232,421613.6232080602
9104.0,0.960458,434790.83076063084
9105.0,0.9867049999999999,446616.30002696125
9106.0,0.9944790000000001,450078.31275245146
9107.0,0.994999,450256.8529279728
9108.0,0.9936659999999999,449596.9145054203
9109.0,0.991901,448741.68341190094
9110.0,0.99135,448435.7995061778
9111.0,0.9927969999999999,449033.6513838798
9112.0,0.994293,449653.4918939635
9113.0,0.989876,447599.431716615
9114.0,0.964842,436224.5094921136
9115.0,0.922696,417116.73975539557
9116.0,0.920126,415902.3655889248
9117.0,0.9595309999999999,433658.82845027547
9118.0,0.982584,444021.4510907849
9119.0,0.985894,445460.86594557593
9120.0,0.987107,445952.52002031775
9121.0,0.9895870000000001,447016.3593743125
9122.0,0.9893700000000001,446861.77475759765
9123.0,0.9782379999999999,441777.9324611411
9124.0,0.9566709999999999,431983.44818638405
9125.0,0.9529719999999999,430258.67374905007
9126.0,0.971548,438590.01446098654
9127.0,0.982817,443621.01310486184
9128.0,0.98624,445109.66192546673
9129.0,0.9911540000000001,447270.7463350115
9130.0,0.9941110000000001,448548.2541479612
9131.0,0.9940329999999999,448456.1834799257
9132.0,0.992891,447884.1555983768
9133.0,0.990685,446832.3531901443
9134.0,0.988534,445805.60167780245
9135.0,0.988698,445822.9691879173
9136.0,0.988116,445503.96957612527
9137.0,0.9838530000000001,443525.6189959583
9138.0,0.979483,441499.5213342933
9139.0,0.979208,441319.49546906963
9140.0,0.975282,439494.23489566246
9141.0,0.9694450000000001,436808.3686580776
9142.0,0.9752360000000001,439361.7942575663
9143.0,0.980533,441692.02350277617
9144.0,0.978447,440696.3089974705
9145.0,0.9804209999999999,441529.23545231327
9146.0,0.9849979999999999,443534.03355342866
9147.0,0.9883190000000001,444972.8106286661
9148.0,0.9900559999999999,445698.12526534416
9149.0,0.990617,445893.8976539747
9150.0,0.9917370000000001,446341.18415068806
9151.0,0.99384,447230.6897733479
9152.0,0.9949709999999999,447682.6022395143
9153.0,0.994353,447347.5257039367
9154.0,0.991239,445889.73748282326
9155.0,0.9858020000000001,443387.477782327
9156.0,0.9778389999999999,439749.8539795133
9157.0,0.9501280000000001,427233.2794294052
9158.0,0.909683,408994.65597294155
9159.0,0.91471,411202.329568614
9160.0,0.9570489999999999,430180.664336009
9161.0,0.9727049999999999,437162.0170857673
9162.0,0.95706,430075.78139071
9163.0,0.9528209999999999,428116.2166591947
9164.0,0.972662,436975.2429856438
9165.0,0.9852549999999999,442576.18800769304
9166.0,0.979999,440158.94269490015
9167.0,0.966618,434093.48164030456
9168.0,0.96041,431250.42579667806
9169.0,0.965356,433415.8894553821
9170.0,0.975659,437985.60506770795
9171.0,0.983773,441571.5886461294
9172.0,0.989641,444148.6357199078
9173.0,0.9941840000000001,446130.4229887603
9174.0,0.994088,446030.2437125495
9175.0,0.990915,444549.6501866692
9176.0,0.9911270000000001,444587.8189140113
9177.0,0.993576,445629.2764383521
9178.0,0.9932639999999999,445432.2688207253
9179.0,0.99129,444490.05875967786
9180.0,0.990705,444170.81240096805
9181.0,0.989767,443693.3854130594
9182.0,0.9843139999999999,441192.3338832853
9183.0,0.975339,437113.4649707927
9184.0,0.9674309999999999,433513.75467345497
9185.0,0.971198,435145.94088988664
9186.0,0.978367,438301.7621396417
9187.0,0.9791,438573.84012614196
9188.0,0.978403,438205.3633261034
9189.0,0.9806959999999999,439175.9458564382
9190.0,0.985016,441053.8758868149
9191.0,0.9891620000000001,442853.4034971936
9192.0,0.9936889999999999,444823.00336706825
9193.0,0.996186,445883.46880338644
9194.0,0.9945350000000001,445087.27516164014
9195.0,0.9911690000000001,443523.84635173564
9196.0,0.989826,442865.92680237297
9197.0,0.98777,441889.1892263557
9198.0,0.9813569999999999,438963.7851691552
9199.0,0.975427,436255.1342464935
9200.0,0.966558,432232.8767401399
9201.0,0.953508,426342.1846674158
9202.0,0.954608,426779.06789161696
9203.0,0.9692790000000001,433282.2607302929
9204.0,0.98056,438268.5739135021
9205.0,0.982764,439197.0735251383
9206.0,0.977376,436732.8884377573
9207.0,0.9692620000000001,433051.3845569975
9208.0,0.948931,423913.14659204346
9209.0,0.9209450000000001,411357.9919669216
9210.0,0.919125,410492.1028525732
9211.0,0.932061,416215.77336319117
9212.0,0.9447469999999999,421826.3248531913
9213.0,0.9685940000000001,432418.11555412115
9214.0,0.9828879999999999,438742.8724607276
9215.0,0.983453,438938.39910586464
9216.0,0.9862719999999999,440139.7399686269
9217.0,0.9889709999999999,441287.20644571894
9218.0,0.9891399999999999,441305.5958501086
9219.0,0.99118,442158.6016450766
9220.0,0.9922690000000001,442587.1880744247
9221.0,0.9922129999999999,442504.9999241974
9222.0,0.9942280000000001,443346.31451770535
9223.0,0.996556,444326.947304004
9224.0,0.997051,444490.1469573573
9225.0,0.9945950000000001,443337.88530981867
9226.0,0.9864940000000001,439669.98559066857
9227.0,0.978982,436265.4932753248
9228.0,0.9831270000000001,438055.92059506255
9229.0,0.990763,441401.16312880185
9230.0,0.991858,441831.7748822246
9231.0,0.9884280000000001,440246.8164783524
9232.0,0.988366,440162.16587303195
9233.0,0.9924059999999999,441904.0796192787
9234.0,0.995051,443024.42991815193
9235.0,0.9956809999999999,443247.4527977621
9236.0,0.994677,442743.08500900643
9237.0,0.993122,441993.6037684405
9238.0,0.9930100000000001,441886.4284640662
9239.0,0.992188,441463.355041507
9240.0,0.990527,440667.1167904429
9241.0,0.989984,440368.3791234896
9242.0,0.989648,440161.7665682613
9243.0,0.988975,439805.3219995063
9244.0,0.989984,440196.8531285116
9245.0,0.9929129999999999,441441.88157114474
9246.0,0.9939379999999999,441840.17296601576
9247.0,0.9892110000000001,439681.70910879725
9248.0,0.98282,436784.27345758985
9249.0,0.9847379999999999,437579.7729488702
9250.0,0.9911979999999999,440393.07476412755
9251.0,0.991883,440640.10498502996
9252.0,0.984136,437141.6565680048
9253.0,0.9707180000000001,431125.43571203586
9254.0,0.9604540000000001,426511.3671266662
9255.0,0.9662069999999999,429010.26721348584
9256.0,0.983563,436659.73196940025
9257.0,0.99351,441018.3365756983
9258.0,0.994933,441592.4827045965
9259.0,0.993339,440827.56513338175
9260.0,0.98975,439177.59496699745
9261.0,0.983627,436403.7813036673
9262.0,0.974584,432335.3303232468
9263.0,0.9712270000000001,430789.9597538011
9264.0,0.981874,435455.6699256925
9265.0,0.9925120000000001,440116.1535983518
9266.0,0.9954700000000001,441370.25375283684
9267.0,0.99559,441365.86300528015
9268.0,0.994503,440826.4359499117
9269.0,0.992949,440080.15394695126
9270.0,0.992566,439852.9734131395
9271.0,0.9918469999999999,439476.95526826853
9272.0,0.990742,438930.0062811349
9273.0,0.9910629999999999,439014.8618661851
9274.0,0.990188,438569.94911072124
9275.0,0.989383,438156.13387687417
9276.0,0.99185,439191.24985417863
9277.0,0.993157,439712.49546886585
9278.0,0.991482,438913.5014045108
9279.0,0.989474,437967.30291311146
9280.0,0.982876,434989.9438202701
9281.0,0.96899,428788.32796980353
9282.0,0.9604520000000001,424954.553536349
9283.0,0.969608,428949.49722136447
9284.0,0.9805649999999999,433740.025361229
9285.0,0.9828,434671.72382862616
9286.0,0.984864,435527.53990339674
9287.0,0.9882290000000001,436958.36732470803
9288.0,0.989576,437496.6330217566
9289.0,0.9891059999999999,437231.53919622005
9290.0,0.9846860000000001,435220.63857386436
9291.0,0.980542,433332.2195488718
9292.0,0.984223,434901.93628918537
9293.0,0.988467,436719.96487037884
9294.0,0.9907100000000001,437653.541229127
9295.0,0.992516,438393.8312829383
9296.0,0.991074,437699.45660997415
9297.0,0.9854930000000001,435177.5310377775
9298.0,0.983189,434103.1283526546
9299.0,0.989015,436618.12117266236
9300.0,0.994476,438971.3203771285
9301.0,0.995978,439576.5714339804
9302.0,0.9949680000000001,439073.11494983046
9303.0,0.9901690000000001,436897.9298934981
9304.0,0.984268,434237.1200156094
9305.0,0.9823850000000001,433349.4101441759
9306.0,0.9839399999999999,433978.2854447704
9307.0,0.9875450000000001,435511.0345405611
9308.0,0.9898049999999999,436450.2899387066
9309.0,0.9902920000000001,436607.5857270497
9310.0,0.991519,437091.0355214141
9311.0,0.9920459999999999,437265.79928908503
9312.0,0.991933,437158.4416864364
9313.0,0.9922770000000001,437252.473375581
9314.0,0.992308,437208.5546383213
9315.0,0.990409,436314.3874322936
9316.0,0.987706,435066.2900223712
9317.0,0.9894879999999999,435793.8024951806
9318.0,0.994017,437730.7887398068
9319.0,0.9960690000000001,438576.6042845847
9320.0,0.996275,438609.4778086237
9321.0,0.996316,438569.69245031517
9322.0,0.9958790000000001,438319.515229153
9323.0,0.9949979999999999,437873.9919655501
9324.0,0.995067,437846.5839702091
9325.0,0.995721,438076.54070141783
9326.0,0.9954559999999999,437902.14906836534
9327.0,0.995239,437748.89734343195
9328.0,0.9958530000000001,437961.1287663521
9329.0,0.9964209999999999,438153.0581256142
9330.0,0.99524,437575.93754009367
9331.0,0.993015,436539.9973030295
9332.0,0.992337,436184.3001268831
9333.0,0.9916379999999999,435819.4490704471
9334.0,0.9900709999999999,435073.2451712381
9335.0,0.991549,435665.1270674864
9336.0,0.994886,437073.5302729992
9337.0,0.995819,437425.55636454053
9338.0,0.9949309999999999,436977.6803137331
9339.0,0.9950469999999999,436970.8067281941
9340.0,0.9955430000000001,437130.7698146866
9341.0,0.995419,437018.4736614852
9342.0,0.9957090000000001,437087.92295679764
9343.0,0.9965120000000001,437382.497953419
9344.0,0.996693,437404.00843489805
9345.0,0.9950709999999999,436634.34340720053
9346.0,0.990533,434585.50075580785
9347.0,0.9867239999999999,432856.98097904987
9348.0,0.988665,433650.98191546823
9349.0,0.9928899999999999,435446.4356728041
9350.0,0.994836,436242.03874326916
9351.0,0.992498,435159.09972837224
9352.0,0.97869,429048.0940674401
9353.0,0.953261,417844.8347083107
9354.0,0.9487680000000001,415820.23198399524
9355.0,0.9705739999999999,425320.7841670867
9356.0,0.975844,427573.42348838923
9357.0,0.960649,420859.74272300955
9358.0,0.958923,420047.8039644802
9359.0,0.9723700000000001,425881.579939267
9360.0,0.9821129999999999,430091.7147166713
9361.0,0.984758,431192.735077044
9362.0,0.980949,429467.828527361
9363.0,0.9828600000000001,430247.2941831792
9364.0,0.988791,432786.05695257074
9365.0,0.98405,430653.6969409958
9366.0,0.970326,424591.1426689505
9367.0,0.9705520000000001,424633.5529419299
9368.0,0.984485,430672.1896543157
9369.0,0.992906,434298.24641754717
9370.0,0.995174,435232.34874539747
9371.0,0.9952209999999999,435194.9746933435
9372.0,0.994041,434621.1152949132
9373.0,0.9933280000000001,434251.5480014773
9374.0,0.9944709999999999,434693.33722738933
9375.0,0.995944,435279.21762553084
9376.0,0.9959100000000001,435206.3741687515
9377.0,0.994561,434558.96169466403
9378.0,0.9928170000000001,433739.13696860074
9379.0,0.990598,432712.0234948233
9380.0,0.9876530000000001,431368.0773285156
9381.0,0.987959,431444.19128349016
9382.0,0.9900540000000001,432301.42344182375
9383.0,0.988092,431387.17920310487
9384.0,0.986541,430652.5736691016
9385.0,0.990577,432356.7014584778
9386.0,0.994375,433956.4904183092
9387.0,0.99254,433097.8574057358
9388.0,0.973424,424699.82508113375
9389.0,0.921544,402011.16345107614
9390.0,0.886278,386575.2102001834
9391.0,0.9214950000000001,401882.41071897844
9392.0,0.9590040000000001,418184.9583960778
9393.0,0.9668,421528.1610294715
9394.0,0.9623389999999999,419527.07211855816
9395.0,0.9259729999999999,403619.52803112514
9396.0,0.8991600000000001,391879.6911023523
9397.0,0.934875,407390.8268614048
9398.0,0.97015,422706.08376534394
9399.0,0.974484,424537.661790381
9400.0,0.9796799999999999,426744.21533722006
9401.0,0.9892620000000001,430860.42682365276
9402.0,0.9923040000000001,432127.4863806172
9403.0,0.9912920000000001,431628.9934098144
9404.0,0.990352,431161.96192907443
9405.0,0.9891209999999999,430568.36399713747
9406.0,0.988433,430211.2454708591
9407.0,0.990726,431151.4983337839
9408.0,0.99192,431613.2743438767
9409.0,0.98745,429610.6675155365
9410.0,0.983118,427668.61120001704
9411.0,0.9864569999999999,429063.59110161755
9412.0,0.988593,429934.99933484034
9413.0,0.9810770000000001,426609.1040355214
9414.0,0.9710989999999999,422213.6565553169
9415.0,0.9705540000000001,421920.0926739965
9416.0,0.974424,423545.6251183182
9417.0,0.9808100000000001,426264.16787858796
9418.0,0.98561,428292.773392826
9419.0,0.9877819999999999,429178.9831590744
9420.0,0.989878,430031.9204478836
9421.0,0.986786,428631.09465975844
9422.0,0.982025,426505.7596385296
9423.0,0.985584,427993.97256908304
9424.0,0.9917950000000001,430633.255130999
9425.0,0.9948040000000001,431881.7022527358
9426.0,0.995653,432192.1848945452
9427.0,0.9938040000000001,431331.5780169358
9428.0,0.9902709999999999,429740.3918628229
9429.0,0.985766,427727.8609783704
9430.0,0.9834299999999999,426656.86489099835
9431.0,0.9880180000000001,428589.68257365015
9432.0,0.9924620000000001,430459.50538251083
9433.0,0.9898680000000001,429276.6335050164
9434.0,0.9826239999999999,426077.7653607033
9435.0,0.980982,425308.5092362458
9436.0,0.9862860000000001,427550.50199744507
9437.0,0.988698,428538.3731651507
9438.0,0.989778,428948.7000010801
9439.0,0.9919319999999999,429824.2844736135
9440.0,0.989662,428782.8643925487
9441.0,0.9835299999999999,426068.67507686233
9442.0,0.9822290000000001,425447.7238264926
9443.0,0.986557,427264.7676254657
9444.0,0.990065,428726.2204887601
9445.0,0.992842,429870.7603812277
9446.0,0.994917,430711.0697948601
9447.0,0.991942,429365.22618897964
9448.0,0.98219,425086.67785005644
9449.0,0.9771700000000001,422856.97487621946
9450.0,0.9843719999999999,425916.04591324046
9451.0,0.9900530000000001,428316.25916040177
9452.0,0.984824,425996.5648361105
9453.0,0.9790770000000001,423453.4428758253
9454.0,0.9833350000000001,425237.5952529302
9455.0,0.983499,425251.06031200883
9456.0,0.9699129999999999,419320.0018365666
9457.0,0.9649610000000001,417122.7394225189
9458.0,0.978722,423014.01031837286
9459.0,0.99026,427942.9968590604
9460.0,0.994159,429569.86900516454
9461.0,0.995886,430257.9027536241
9462.0,0.996767,430580.2801668002
9463.0,0.9961969999999999,430275.83890808816
9464.0,0.9938819999999999,429217.86652886256
9465.0,0.9885809999999999,426870.80326167017
9466.0,0.985617,425533.3411940158
9467.0,0.989977,427357.88199592684
9468.0,0.994693,429335.57006396074
9469.0,0.9965629999999999,430084.46298483154
9470.0,0.9972129999999999,430306.6939320195
9471.0,0.997064,430184.11765197746
9472.0,0.996232,429766.9157849085
9473.0,0.9951180000000001,429228.1730309597
9474.0,0.9923059999999999,427957.2527714556
9475.0,0.9865860000000001,425432.68022115837
9476.0,0.982282,423519.29506010487
9477.0,0.98229,423465.3148543415
9478.0,0.983936,424117.37799006444
9479.0,0.9871719999999999,425454.5099684842
9480.0,0.992293,427603.5546673044
9481.0,0.9954290000000001,428896.7291476298
9482.0,0.995748,428975.9495615049
9483.0,0.9920979999999999,427345.48692781356
9484.0,0.984873,424175.7297260572
9485.0,0.9827049999999999,423184.5232779105
9486.0,0.987085,425012.96597660857
9487.0,0.989402,425952.7413652345
9488.0,0.990245,426257.7504856041
9489.0,0.9909819999999999,426517.03693538683
9490.0,0.989619,425872.5215976815
9491.0,0.985667,424114.16537370184
9492.0,0.986447,424392.08441279794
9493.0,0.9915860000000001,426544.99702847877
9494.0,0.994448,427717.9554866196
9495.0,0.994917,427861.473873176
9496.0,0.994574,427655.78461373755
9497.0,0.99392,427316.4253572627
9498.0,0.9932139999999999,426954.78752001806
9499.0,0.992818,426726.47268901893
9500.0,0.992799,426660.22004186653
9501.0,0.9919100000000001,426220.1320347093
9502.0,0.986742,423941.7259090575
9503.0,0.9821989999999999,421932.4099481105
9504.0,0.985876,423454.2852336557
9505.0,0.989367,424895.848515409
9506.0,0.9867879999999999,423730.5204561073
9507.0,0.9780620000000001,419926.30710089696
9508.0,0.970033,416422.3262656232
9509.0,0.9755,418712.147871764
9510.0,0.9881840000000001,424098.6457822351
9511.0,0.992641,425953.35962490964
9512.0,0.987591,423728.5464669285
9513.0,0.980767,420743.2872345092
9514.0,0.9810479999999999,420806.41265778267
9515.0,0.9820959999999999,421198.4522984057
9516.0,0.9740780000000001,417702.6988420496
9517.0,0.972482,416961.3791861998
9518.0,0.9829680000000001,421399.8158494127
9519.0,0.9864360000000001,422828.80726442166
9520.0,0.9799709999999999,420000.26244410593
9521.0,0.972691,416823.22446397186
9522.0,0.971342,416188.2768583128
9523.0,0.975582,417947.8621767835
9524.0,0.9784280000000001,419109.829328856
9525.0,0.9845010000000001,421653.5588736992
9526.0,0.9876780000000001,422956.4127046875
9527.0,0.9862209999999999,422274.732133077
9528.0,0.9887469999999999,423298.4066974712
9529.0,0.992872,425006.2478020847
9530.0,0.9942559999999999,425540.45938863955
9531.0,0.993649,425222.4782128039
9532.0,0.9940829999999999,425349.9915716501
9533.0,0.995152,425749.1203689598
9534.0,0.994974,425614.69998814265
9535.0,0.995217,425660.3632633131
9536.0,0.9958629999999999,425878.3385805861
9537.0,0.995714,425756.3035784245
9538.0,0.9949309999999999,425363.2303384776
9539.0,0.993108,424525.67671286553
9540.0,0.992032,424007.61291698663
9541.0,0.993081,424397.80244093563
9542.0,0.9937459999999999,424623.7859863597
9543.0,0.9938950000000001,424629.23568284104
9544.0,0.994518,424837.1493670736
9545.0,0.995064,425012.1004271427
9546.0,0.994518,424720.6346863357
9547.0,0.9937549999999999,424336.571866487
9548.0,0.9941180000000001,424433.33674629393
9549.0,0.995138,424810.52188940725
9550.0,0.9957879999999999,425029.66003386345
9551.0,0.9947540000000001,424530.0419171217
9552.0,0.993287,423845.7780928957
9553.0,0.993682,423956.1103216653
9554.0,0.994077,424066.3949715296
9555.0,0.991612,422956.74333670776
9556.0,0.988833,421713.4658450863
9557.0,0.9903299999999999,422293.8732488166
9558.0,0.993165,423444.5719508157
9559.0,0.9940700000000001,423772.1778984504
9560.0,0.993066,423285.98144072003
9561.0,0.992173,422847.20771909214
9562.0,0.9909899999999999,422284.96137067897
9563.0,0.986152,420165.5821729817
9564.0,0.9708760000000001,413600.10629503446
9565.0,0.948307,403929.9770161568
9566.0,0.952617,405709.9872959708
9567.0,0.979784,417222.7178291784
9568.0,0.9946379999999999,423489.72341000376
9569.0,0.9971180000000001,424487.2003228445
9570.0,0.996921,424344.9055982083
9571.0,0.9971040000000001,424364.35962510435
9572.0,0.9976139999999999,424522.94206623355
9573.0,0.997865,424571.2643470141
9574.0,0.997585,424393.65749157604
9575.0,0.996501,423874.0909367544
9576.0,0.995458,423372.08780024946
9577.0,0.993814,422614.6334652716
9578.0,0.9901190000000001,420985.3130891933
9579.0,0.98919,420532.3287654497
9580.0,0.990933,421215.23756105616
9581.0,0.987935,419882.96511119005
9582.0,0.982785,417636.546189824
9583.0,0.981341,416965.38525317487
9584.0,0.979498,416124.88348336983
9585.0,0.9753729999999999,414315.257443324
9586.0,0.979358,415950.57374825235
9587.0,0.9885790000000001,419808.9361271308
9588.0,0.9934120000000001,421803.06998517417
9589.0,0.990246,420400.7270066924
9590.0,0.982777,417172.20360538014
9591.0,0.9825520000000001,417019.08572992956
9592.0,0.9876790000000001,419137.1990810944
9593.0,0.9905709999999999,420306.3836924153
9594.0,0.993468,421477.34943708155
9595.0,0.995973,422481.69204288087
9596.0,0.9950559999999999,422034.3627254479
9597.0,0.9932629999999999,421215.6523787655
9598.0,0.993516,421264.6839974862
9599.0,0.994183,421489.2025303372
9600.0,0.992768,420831.0889645509
9601.0,0.9818610000000001,416150.06949713797
9602.0,0.956664,405414.5203646766
9603.0,0.9481350000000001,401744.5036230459
9604.0,0.9711799999999999,411452.1947117195
9605.0,0.9893879999999999,419108.21190278017
9606.0,0.9894440000000001,419073.90653489955
9607.0,0.9779700000000001,414156.7978635329
9608.0,0.969477,410503.2717200916
9609.0,0.9788290000000001,414405.7590052314
9610.0,0.990137,419135.1433383819
9611.0,0.9911770000000001,419517.2529615029
9612.0,0.990741,419274.6069709409
9613.0,0.9925719999999999,419991.25676241907
9614.0,0.994216,420628.57581221446
9615.0,0.9936389999999999,420326.1804676802
9616.0,0.991718,419455.39600978204
9617.0,0.991825,419442.47667251056
9618.0,0.991613,419294.6577174668
9619.0,0.9865729999999999,417105.6695875805
9620.0,0.978601,413677.8460450798
9621.0,0.9606680000000001,406040.7904169748
9622.0,0.940111,397296.9187484584
9623.0,0.9540690000000001,403139.69311612926
9624.0,0.98096,414444.8803903004
9625.0,0.986246,416620.3030113294
9626.0,0.9812860000000001,414467.48381045635
9627.0,0.9812700000000001,414403.16173750476
9628.0,0.9823200000000001,414788.9640629012
9629.0,0.9818129999999999,414517.28371283197
9630.0,0.985807,416145.70122620696
9631.0,0.991432,418462.0593629135
9632.0,0.994058,419512.11957474804
9633.0,0.99465,419703.6021408485
9634.0,0.9901049999999999,417727.7018248939
9635.0,0.967569,408162.94310520886
9636.0,0.914378,385671.0061699234
9637.0,0.8742409999999999,368690.52668753604
9638.0,0.9045190000000001,381406.49088763125
9639.0,0.9602280000000001,404840.842146953
9640.0,0.9730129999999999,410174.0261276606
9641.0,0.9432,397551.0043595225
9642.0,0.9309299999999999,392324.6806369741
9643.0,0.961772,405266.0888584221
9644.0,0.9870479999999999,415858.83403123956
9645.0,0.9917790000000001,417793.8866409085
9646.0,0.9904200000000001,417163.28546124493
9647.0,0.9874200000000001,415841.75297584943
9648.0,0.9837090000000001,414221.1834001466
9649.0,0.979042,412198.5514311773
9650.0,0.9734280000000001,409777.81404152856
9651.0,0.972309,409249.70286554063
9652.0,0.978825,411934.8840401691
9653.0,0.9886209999999999,415999.4834281528
9654.0,0.991001,416942.80681069894
9655.0,0.988489,415827.931440688
9656.0,0.988224,415658.4646302004
9657.0,0.986893,415040.7190463942
9658.0,0.9844510000000001,413955.9601194518
9659.0,0.9835780000000001,413531.15070041385
9660.0,0.9757790000000001,410194.91314852907
9661.0,0.9474790000000001,398242.64750436286
9662.0,0.918961,386202.086314155
9663.0,0.929268,390479.1683103132
9664.0,0.9588540000000001,402854.96029552125
9665.0,0.975979,409992.6196279121
9666.0,0.978449,410972.8057653511
9667.0,0.9784959999999999,410935.12380461744
9668.0,0.9685299999999999,406692.90325413924
9669.0,0.94678,397504.3549335025
9670.0,0.948606,398215.3285266928
9671.0,0.9720549999999999,408001.93798969046
9672.0,0.979973,411267.85898228636
9673.0,0.971716,407745.59451919544
9674.0,0.973989,408642.2158507237
9675.0,0.9830180000000001,412372.6889445672
9676.0,0.984324,412862.7830787669
9677.0,0.984195,412750.91443768394
9678.0,0.987785,414198.51361136034
9679.0,0.986685,413679.35312936216
9680.0,0.981575,411479.3168910419
9681.0,0.985324,412993.0808036953
9682.0,0.992717,416033.55285878584
9683.0,0.9950760000000001,416963.774595218
9684.0,0.995375,417030.64430449915
9685.0,0.9953799999999999,416974.3192014317
9686.0,0.993634,416184.58516574494
9687.0,0.989458,414377.390540942
9688.0,0.981769,411099.67470295436
9689.0,0.9696379999999999,405963.10722225165
9690.0,0.945575,395833.03473794693
9691.0,0.9107790000000001,381213.4087030254
9692.0,0.9185139999999999,384397.04106007126
9693.0,0.964233,403473.79568736313
9694.0,0.989373,413935.3114574453
9695.0,0.9939180000000001,415778.51873981644
9696.0,0.9944290000000001,415933.9150768014
9697.0,0.993676,415560.6396611736
9698.0,0.986806,412629.64924637676
9699.0,0.9721290000000001,406435.4522451996
9700.0,0.963583,402805.91556457756
9701.0,0.973598,406935.3341326065
9702.0,0.9884940000000001,413103.40489065833
9703.0,0.994481,415547.07268519024
9704.0,0.9946809999999999,415572.2607131576
9705.0,0.992873,414758.6116264323
9706.0,0.987964,412649.9579193642
9707.0,0.9821469999999999,410162.6828459634
9708.0,0.9841639999999999,410947.2534546502
9709.0,0.989592,413155.68322301324
9710.0,0.990456,413458.2688774512
9711.0,0.988089,412412.18647897826
9712.0,0.976144,407369.2435292498
9713.0,0.949358,396135.0543129949
9714.0,0.933637,389520.4110972722
9715.0,0.9439299999999999,393759.3238021554
9716.0,0.962065,401267.84922879393
9717.0,0.9742940000000001,406311.25787206035
9718.0,0.969519,404263.02587592835
9719.0,0.9516819999999999,396769.6227318648
9720.0,0.954219,397771.3250306287
9721.0,0.973886,405912.4567229309
9722.0,0.985675,410768.21779364644
9723.0,0.9865200000000001,411062.4567540333
9724.0,0.9826030000000001,409372.6492492523
9725.0,0.9835299999999999,409701.1274453138
9726.0,0.988749,411817.1286120216
9727.0,0.9913129999999999,412826.85697616194
9728.0,0.9871770000000001,411046.4994362231
9729.0,0.9687309999999999,403308.98640595964
9730.0,0.936193,389707.5842095512
9731.0,0.9242239999999999,384671.0196439224
9732.0,0.946327,393814.95818168926
9733.0,0.9681540000000001,402841.46062401496
9734.0,0.981208,408215.53772776644
9735.0,0.988083,411017.77331620274
9736.0,0.989705,411634.393879884
9737.0,0.985007,409622.60438891413
9738.0,0.9784209999999999,406826.3382609956
9739.0,0.9746360000000001,405195.33359226066
9740.0,0.9708959999999999,403583.4790380921
9741.0,0.9699469999999999,403132.06682905054
9742.0,0.966283,401552.5096772721
9743.0,0.95819,398133.10941493127
9744.0,0.957369,397735.7877014179
9745.0,0.948127,393840.5801603584
9746.0,0.936775,389070.11284030526
9747.0,0.9506399999999999,394772.8573663875
9748.0,0.9745,404624.0176640476
9749.0,0.987294,409878.29168914066
9750.0,0.986245,409384.91042251006
9751.0,0.966722,401224.2803362832
9752.0,0.933875,387536.78661417746
9753.0,0.9209620000000001,382124.133387477
9754.0,0.9305479999999999,386046.9260446784
9755.0,0.9418040000000001,390661.311480421
9756.0,0.940623,390116.22486202425
9757.0,0.9332719999999999,387012.67873135523
9758.0,0.9277299999999999,384660.05234820663
9759.0,0.938636,389126.86341828626
9760.0,0.9596610000000001,397786.7971963799
9761.0,0.9666129999999999,400611.7235285874
9762.0,0.974009,403619.82338188484
9763.0,0.9817049999999999,406751.3548514711
9764.0,0.9714440000000001,402442.8855012882
9765.0,0.9561,396030.1702321386
9766.0,0.9661700000000001,400144.60377289884
9767.0,0.9843719999999999,407625.29078323796
9768.0,0.9882299999999999,409164.8790232899
9769.0,0.982241,406627.5594152434
9770.0,0.976684,404269.75686168467
9771.0,0.980187,405662.1970356644
9772.0,0.987567,408658.5420267616
9773.0,0.9898899999999999,409561.7143579906
9774.0,0.9875139999999999,408520.7039504012
9775.0,0.986992,408246.8378104945
9776.0,0.990539,409655.84402218246
9777.0,0.992966,410601.3031907611
9778.0,0.988959,408886.33257563866
9779.0,0.9702360000000001,401088.3476874654
9780.0,0.9449620000000001,390584.81041859975
9781.0,0.946599,391205.8887090624
9782.0,0.9713200000000001,401365.46531006956
9783.0,0.9871120000000001,407833.0546728413
9784.0,0.989368,408707.08095409937
9785.0,0.986405,407425.1846978657
9786.0,0.987727,407913.2636027375
9787.0,0.9917360000000001,409510.71220807097
9788.0,0.99465,410655.60423406994
9789.0,0.995769,411059.1684303517
9790.0,0.9934370000000001,410038.2116447771
9791.0,0.989324,408282.5309983788
9792.0,0.9847540000000001,406338.7617523647
9793.0,0.982743,405451.2986015884
9794.0,0.9871770000000001,407222.7141148142
9795.0,0.988023,407513.7259792159
9796.0,0.9767959999999999,402825.7941530325
9797.0,0.9609850000000001,396249.03060003737
9798.0,0.958815,395298.00251856376
9799.0,0.968434,399206.8792068442
9800.0,0.9640790000000001,397355.09949039406
9801.0,0.9471700000000001,390330.3074099678
9802.0,0.9430719999999999,388586.1824805203
9803.0,0.959931,395476.49378605495
9804.0,0.977406,402618.5735405905
9805.0,0.982914,404829.7915218806
9806.0,0.9857870000000001,405955.2489555956
9807.0,0.991906,408416.90910049557
9808.0,0.9945360000000001,409441.4621591854
9809.0,0.990359,407663.72634934686
9810.0,0.984651,405256.3620785003
9811.0,0.983389,404679.2635893832
9812.0,0.9840909999999999,404910.4139178046
9813.0,0.9782879999999999,402465.341084468
9814.0,0.958408,394230.5314895553
9815.0,0.9490700000000001,390333.7717095041
9816.0,0.961883,395547.07810493856
9817.0,0.95788,393844.7656802009
9818.0,0.944109,388127.25688666303
9819.0,0.958009,393785.4078932816
9820.0,0.976033,401136.83900837257
9821.0,0.97803,401900.2082842629
9822.0,0.971757,399265.45200864953
9823.0,0.971807,399228.9902171821
9824.0,0.982367,403509.53020186845
9825.0,0.9888950000000001,406132.9151696873
9826.0,0.9888620000000001,406061.35871985415
9827.0,0.9844780000000001,404203.3891475195
9828.0,0.9837440000000001,403844.3242053431
9829.0,0.985915,404677.72963292553
9830.0,0.984367,403984.6020739164
9831.0,0.984814,404110.28862525977
9832.0,0.98685,404887.8633227073
9833.0,0.986158,404546.10769880953
9834.0,0.970498,398065.0725728009
9835.0,0.9418120000000001,386243.81962296035
9836.0,0.934336,383123.060620686
9837.0,0.953155,390783.86202037835
9838.0,0.9746100000000001,399523.035410564
9839.0,0.985044,403742.4877655469
9840.0,0.989958,405698.544395391
9841.0,0.992585,406716.9152204617
9842.0,0.990979,406000.7330226391
9843.0,0.9835969999999999,402918.6711519487
9844.0,0.9761200000000001,399798.5658870939
9845.0,0.980524,401544.8535719077
9846.0,0.9873299999999999,404274.15340379364
9847.0,0.988345,404631.8008058029
9848.0,0.9893879999999999,405000.7916883804
9849.0,0.990891,405557.93273894186
9850.0,0.9913959999999999,405706.48937751545
9851.0,0.9921709999999999,405965.46326917736
9852.0,0.9911530000000001,405490.81256253074
9853.0,0.985302,403039.3358711965
9854.0,0.9761270000000001,399229.05367933004
9855.0,0.971827,397413.40306624136
9856.0,0.978124,399931.1131478216
9857.0,0.9774700000000001,399606.3984494071
9858.0,0.959691,392281.77347758214
9859.0,0.9539219999999999,389867.7186117941
9860.0,0.9720790000000001,397231.48949066905
9861.0,0.984268,402154.7117479368
9862.0,0.982273,401282.0026744607
9863.0,0.9784940000000001,399680.82641349215
9864.0,0.980217,400327.14762177475
9865.0,0.984009,401818.1398610086
9866.0,0.986109,402617.8627995578
9867.0,0.988002,403332.83673942403
9868.0,0.989185,403757.7874952371
9869.0,0.986482,402596.67130243103
9870.0,0.983851,401465.2529632546
9871.0,0.9857809999999999,402195.0152719375
9872.0,0.9906290000000001,404114.9145428555
9873.0,0.9934440000000001,405205.0283287359
9874.0,0.992576,404792.8103636392
9875.0,0.991859,404442.26723594574
9876.0,0.992878,404799.58204068884
9877.0,0.9927520000000001,404690.0253468652
9878.0,0.990693,403792.62070210377
9879.0,0.989351,403187.65563446295
9880.0,0.988872,402934.49452441715
9881.0,0.9890030000000001,402929.9108606997
9882.0,0.99051,403485.82872209937
9883.0,0.9908809999999999,403578.8862031647
9884.0,0.989583,402992.22710650956
9885.0,0.9892,402778.28709059267
9886.0,0.990825,403381.88438026834
9887.0,0.991711,403684.4760427379
9888.0,0.9908950000000001,403294.2510168902
9889.0,0.99039,403030.6815261092
9890.0,0.9898129999999999,402737.87679413345
9891.0,0.987042,401552.5685371882
9892.0,0.971484,395166.27440097183
9893.0,0.9415950000000001,382953.28644542454
9894.0,0.9389719999999999,381831.47788312274
9895.0,0.969464,394174.1999147421
9896.0,0.988238,401749.61700069247
9897.0,0.990563,402636.766764544
9898.0,0.9812770000000001,398804.77160808776
9899.0,0.9467459999999999,384715.42170413863
9900.0,0.91196,370526.51325419144
9901.0,0.933406,379185.2742677499
9902.0,0.974458,395805.0833966026
9903.0,0.989682,401930.7870087502
9904.0,0.992136,402869.28923172137
9905.0,0.991936,402729.97060051194
9906.0,0.9886309999999999,401330.216142886
9907.0,0.97798,396949.2054387489
9908.0,0.9689979999999999,393246.77110463363
9909.0,0.9759040000000001,395992.2589844999
9910.0,0.978678,397060.54078045057
9911.0,0.964989,391450.2410718295
9912.0,0.961534,389992.39485712844
9913.0,0.9761049999999999,395845.1357947292
9914.0,0.985665,399664.3267896689
9915.0,0.987814,400477.8444718522
9916.0,0.987567,400319.8698787335
9917.0,0.986454,399810.9347268216
9918.0,0.985507,399369.4015096479
9919.0,0.9783700000000001,396419.89142315777
9920.0,0.959518,388725.1737307371
9921.0,0.941335,381303.65497316327
9922.0,0.9531149999999999,386019.5321196607
9923.0,0.980126,396901.82128920284
9924.0,0.9904719999999999,401033.43605740595
9925.0,0.9903370000000001,400920.7892038539
9926.0,0.991239,401227.9102991917
9927.0,0.994151,402348.40546734486
9928.0,0.994091,402265.92030556547
9929.0,0.982658,397581.944904472
9930.0,0.9533159999999999,385654.40368966915
9931.0,0.9348559999999999,378131.8660733643
9932.0,0.951369,384755.3718760661
9933.0,0.974002,393851.65525389754
9934.0,0.987226,399141.17705021397
9935.0,0.9923270000000001,401145.45168047334
9936.0,0.992597,401196.49490594456
9937.0,0.984468,397853.2186678103
9938.0,0.9595040000000001,387708.3495459846
9939.0,0.9398350000000001,379705.6536422758
9940.0,0.9582229999999999,387078.56073721126
9941.0,0.984982,397830.330485994
9942.0,0.993836,401348.258664337
9943.0,0.9934860000000001,401148.77011725586
9944.0,0.9921120000000001,400535.9142604317
9945.0,0.9934360000000001,401012.3006147603
9946.0,0.9963129999999999,402115.32959090115
9947.0,0.9963639999999999,402077.6054590961
9948.0,0.9871559999999999,398303.9965102917
9949.0,0.9623389999999999,388234.36129855865
9950.0,0.9448030000000001,381104.56415512506
9951.0,0.960709,387464.34138509544
9952.0,0.9827389999999999,396291.77581588895
9953.0,0.991504,399768.2679165863
9954.0,0.989848,399042.6629723331
9955.0,0.9785940000000001,394448.5223727596
9956.0,0.9694729999999999,390715.33817246894
9957.0,0.975992,393285.5135865907
9958.0,0.987287,397779.184205764
9959.0,0.991767,399526.1613484484
9960.0,0.9904639999999999,398943.3144806862
9961.0,0.9718950000000001,391407.1585557651
9962.0,0.931602,375125.63293880865
9963.0,0.9224829999999999,371399.7487088908
9964.0,0.959241,386142.7319295384
9965.0,0.985978,396848.0463046379
9966.0,0.9928030000000001,399536.98271058017
9967.0,0.99436,400105.4118599658
9968.0,0.994132,399955.52586798783
9969.0,0.9912270000000001,398728.82395524596
9970.0,0.98449,395961.2355689983
9971.0,0.972389,391037.3532147063
9972.0,0.970692,390298.1529662211
9973.0,0.983454,395372.0164372886
9974.0,0.989376,397694.9454210993
9975.0,0.985088,395913.7134971768
9976.0,0.98431,395543.47285798914
9977.0,0.989701,397651.9673859975
9978.0,0.991866,398463.84721955174
9979.0,0.9916729999999999,398328.33047691546
9980.0,0.988483,396989.1990499422
9981.0,0.974734,391410.4111692851
9982.0,0.959757,385340.19350120693
9983.0,0.962298,386304.1406262806
9984.0,0.976493,391945.4834576872
9985.0,0.9874139999999999,396271.2391492446
9986.0,0.991107,397695.3847891753
9987.0,0.9925510000000001,398216.7895217445
9988.0,0.9939110000000001,398704.33083035727
9989.0,0.99275,398180.5708759256
9990.0,0.985691,395291.6733819489
9991.0,0.972095,389782.4517094891
9992.0,0.960741,385173.66827651754
9993.0,0.939873,376752.4823998212
9994.0,0.903782,362232.4164482507
9995.0,0.8884620000000001,356040.2951644029
9996.0,0.896266,359115.2753073615
9997.0,0.9078639999999999,363709.30067803286
9998.0,0.928024,371731.5880732823
9999.0,0.9404459999999999,376652.42079351447
10000.0,0.959522,384236.3685644591
