wl,flux,bflux
3000.0,0.6347970000000001,25873.394120307457
3001.0,0.504085,20591.663274024755
3002.0,0.454827,18620.96225366761
3003.0,0.4708560000000001,19320.18735049438
3004.0,0.553354,22755.832917622447
3005.0,0.6214069999999999,25611.286724667854
3006.0,0.6025050000000001,24887.46165734348
3007.0,0.540035,22356.595337773542
3008.0,0.511139,21207.315932725534
3009.0,0.549095,22832.645056465684
3010.0,0.623046,25965.101138498194
3011.0,0.6558609999999999,27393.151878228713
3012.0,0.619877,25947.477030212296
3013.0,0.586184,24591.335378125845
3014.0,0.5829340000000001,24508.978065058975
3015.0,0.5849989999999999,24650.045769988665
3016.0,0.573987,24239.328206382765
3017.0,0.538766,22802.042347153118
3018.0,0.489854,20777.552996132046
3019.0,0.416982,17725.494122623608
3020.0,0.320373,13648.640151042786
3021.0,0.311553,13302.001049410133
3022.0,0.445232,19051.1899850675
3023.0,0.568195,24365.929059694492
3024.0,0.575389,24728.404007178604
3025.0,0.51742,22285.677638156507
3026.0,0.510124,22019.407319258735
3027.0,0.590335,25537.288023420755
3028.0,0.647476,28070.194933389
3029.0,0.6265850000000001,27223.652840178365
3030.0,0.571587,24888.145501727147
3031.0,0.546845,23862.578554926124
3032.0,0.583005,25495.731562403078
3033.0,0.636223,27883.403240042753
3034.0,0.6648229999999999,29199.997168114664
3035.0,0.684573,30132.560955958146
3036.0,0.640992,28275.32048853719
3037.0,0.536594,23721.30267225799
3038.0,0.517646,22933.087510285255
3039.0,0.585853,26010.842261751208
3040.0,0.60593,26960.221316912885
3041.0,0.563623,25131.82897552909
3042.0,0.536042,23953.432103500276
3043.0,0.562665,25197.155997175887
3044.0,0.6029140000000001,27057.57297952623
3045.0,0.63859,28720.142042581487
3046.0,0.634807,28611.217042167726
3047.0,0.564631,25502.84631271143
3048.0,0.537413,24325.43244734338
3049.0,0.589182,26725.725065521296
3050.0,0.624157,28372.69921649888
3051.0,0.641888,29240.985593833262
3052.0,0.658416,30057.87180272409
3053.0,0.612154,28005.4661689198
3054.0,0.554484,25421.112811697985
3055.0,0.565072,25961.62750954025
3056.0,0.567851,26144.73669885721
3057.0,0.499275,23036.187964145098
3058.0,0.438187,20260.509528832867
3059.0,0.442978,20525.43073680949
3060.0,0.507043,23543.62479350572
3061.0,0.581751,27069.68848124824
3062.0,0.610058,28446.83790078744
3063.0,0.568593,26569.311593248167
3064.0,0.493117,23091.059531529616
3065.0,0.461006,21632.899279628633
3066.0,0.438314,20611.37334700151
3067.0,0.415373,19573.678975379986
3068.0,0.447991,21155.109237330027
3069.0,0.523075,24752.604737490903
3070.0,0.575607,27295.631486704067
3071.0,0.566551,26922.501086331573
3072.0,0.524468,24974.906966124232
3073.0,0.532122,25392.40104094605
3074.0,0.559262,26743.282682443965
3075.0,0.5381819999999999,25789.005922577526
3076.0,0.546678,26250.78179796289
3077.0,0.570631,27458.094812936266
3078.0,0.543715,26217.41872536735
3079.0,0.534557,25829.464226430337
3080.0,0.5613739999999999,27181.637547994345
3081.0,0.575892,27942.51545462741
3082.0,0.578773,28140.579415396987
3083.0,0.584496,28477.75973004603
3084.0,0.610725,29817.324400985613
3085.0,0.643338,31474.588435754165
3086.0,0.611671,29987.193306030513
3087.0,0.520053,25548.287745677124
3088.0,0.467548,23016.31817138145
3089.0,0.46876,23123.567786479336
3090.0,0.475004,23479.854784247564
3091.0,0.476625,23608.47826579929
3092.0,0.46084,22873.550170945677
3093.0,0.445499,22157.541402891653
3094.0,0.475117,23679.14575426811
3095.0,0.5173800000000001,25838.358507970726
3096.0,0.520364,26040.63365899608
3097.0,0.5068600000000001,25416.780854307126
3098.0,0.489447,24593.798873179185
3099.0,0.430551,21678.596930337262
3100.0,0.373065,18822.48237373033
3101.0,0.374825,18949.85840791074
3102.0,0.42777,21670.651806082507
3103.0,0.514717,26128.447047123835
3104.0,0.575232,29259.7603146999
3105.0,0.564538,28774.16659961857
3106.0,0.5463819999999999,27905.32025345235
3107.0,0.5811930000000001,29743.444702418554
3108.0,0.640403,32840.04306174418
3109.0,0.651961,33500.45130445595
3110.0,0.610845,31451.253174882288
3111.0,0.594949,30694.726787757925
3112.0,0.62225,32168.088325615365
3113.0,0.635169,32902.21743446709
3114.0,0.62084,32224.805537744214
3115.0,0.640067,33289.7096392812
3116.0,0.64055,33381.87884619125
3117.0,0.5668529999999999,29600.604310620827
3118.0,0.511516,26764.61218393639
3119.0,0.498894,26156.57253042534
3120.0,0.485343,25497.133912206933
3121.0,0.463008,24372.515191465976
3122.0,0.466266,24593.145730897984
3123.0,0.524084,27698.033623954416
3124.0,0.563501,29840.744334662042
3125.0,0.537872,28540.39924111236
3126.0,0.5180020000000001,27540.886401847
3127.0,0.523255,27875.615075792193
3128.0,0.505572,26987.20482563887
3129.0,0.484038,25889.12637506573
3130.0,0.4814520000000001,25801.99018077337
3131.0,0.507761,27265.976219482123
3132.0,0.540665,29090.467213759228
3133.0,0.535634,28876.89773826633
3134.0,0.5297149999999999,28614.34821388756
3135.0,0.5543520000000001,30004.446865132308
3136.0,0.558809,30305.471792020537
3137.0,0.558819,30365.868351640423
3138.0,0.586675,31942.45120773936
3139.0,0.605662,33041.239853533894
3140.0,0.622379,34020.095303945025
3141.0,0.634576,34755.06140644934
3142.0,0.580911,31878.441131965938
3143.0,0.430012,23643.967129437566
3144.0,0.30351500000000003,16721.354908909765
3145.0,0.32352600000000004,17858.75859842678
3146.0,0.411912,22782.24591887804
3147.0,0.463484,25684.794236145688
3148.0,0.5172359999999999,28719.613005959643
3149.0,0.593091,32995.818767459765
3150.0,0.63184,35220.18815655077
3151.0,0.622731,34780.135084688874
3152.0,0.58409,32685.566571484127
3153.0,0.576447,32320.669103307617
3154.0,0.586336,32939.08104267266
3155.0,0.552127,31077.574077381738
3156.0,0.470321,26524.36216560258
3157.0,0.378567,21391.194382558777
3158.0,0.33720100000000003,19090.710240929275
3159.0,0.35572800000000004,20178.62103137136
3160.0,0.381812,21700.136179802255
3161.0,0.376587,21444.5488040139
3162.0,0.389021,22195.380321472803
3163.0,0.440421,25176.466263948045
3164.0,0.47028,26935.17037232542
3165.0,0.473288,27159.66622017743
3166.0,0.484249,27842.14178583371
3167.0,0.5049560000000001,29088.52330023727
3168.0,0.494669,28550.670946385377
3169.0,0.481938,27869.26653512079
3170.0,0.541315,31362.915818811063
3171.0,0.6280100000000001,36455.59508168968
3172.0,0.6690189999999999,38910.48162656591
3173.0,0.659311,38419.194847918545
3174.0,0.631049,36842.58251053597
3175.0,0.63449,37114.19715898428
3176.0,0.667339,39110.13949623608
3177.0,0.6663180000000001,39124.71960752278
3178.0,0.6292270000000001,37017.16382553086
3179.0,0.569765,33582.80151411154
3180.0,0.5017560000000001,29630.4576790263
3181.0,0.455108,26926.763260974414
3182.0,0.431172,25558.97289839018
3183.0,0.424101,25187.47177999291
3184.0,0.423394,25193.104153716642
3185.0,0.443217,26422.527899544573
3186.0,0.491649,29365.226748917845
3187.0,0.532746,31879.970495055546
3188.0,0.563858,33805.41304573871
3189.0,0.5929800000000001,35618.41631538787
3190.0,0.566098,34067.754907499184
3191.0,0.480308,28959.317475938184
3192.0,0.421353,25452.5017220069
3193.0,0.443668,26850.82600657715
3194.0,0.50159,30413.251271749952
3195.0,0.527147,32022.809615129012
3196.0,0.536343,32642.491727039607
3197.0,0.556655,33942.12831621842
3198.0,0.60577,37006.0105838515
3199.0,0.614325,37598.760440141414
3200.0,0.565649,34684.263245872455
3201.0,0.564576,34683.0479690589
3202.0,0.582956,35878.91468415657
3203.0,0.5864159999999999,36159.07334648038
3204.0,0.6160640000000001,38057.8768592301
3205.0,0.647982,40104.046612179576
3206.0,0.66282,41098.56644772223
3207.0,0.6544760000000001,40656.49128734773
3208.0,0.623628,38812.01269072777
3209.0,0.603912,37654.58746474419
3210.0,0.585825,36594.439563391
3211.0,0.562855,35224.59281470766
3212.0,0.5386270000000001,33770.626431302924
3213.0,0.497809,31269.04199027403
3214.0,0.48687,30638.321756869405
3215.0,0.54218,34181.79531884634
3216.0,0.570348,36023.840432636025
3217.0,0.55008,34807.58939228282
3218.0,0.567388,35968.76594413562
3219.0,0.6010439999999999,38172.29327712229
3220.0,0.618037,39323.516864961675
3221.0,0.614276,39155.84585779155
3222.0,0.585294,37376.757133600186
3223.0,0.5780689999999999,36982.90386870555
3224.0,0.5881109999999999,37694.12891977937
3225.0,0.580264,37259.10483305384
3226.0,0.568469,36568.34080655279
3227.0,0.5373600000000001,34630.18292180313
3228.0,0.487345,31464.167656480466
3229.0,0.460682,29796.864174848433
3230.0,0.492133,31888.98477322616
3231.0,0.544045,35316.78978425611
3232.0,0.5704819999999999,37100.1648142659
3233.0,0.543379,35401.65326818084
3234.0,0.474467,30967.975358430183
3235.0,0.436234,28524.085243751568
3236.0,0.441484,28919.57482429403
3237.0,0.498149,32690.39937574581
3238.0,0.553649,36398.10894711569
3239.0,0.5475399999999999,36061.41792052744
3240.0,0.566029,37346.30042701724
3241.0,0.583967,38599.21543285424
3242.0,0.573922,38003.50241318146
3243.0,0.601692,39913.965600357915
3244.0,0.659846,43850.286352445364
3245.0,0.713379,47492.89939338672
3246.0,0.714886,47678.544253430584
3247.0,0.650467,43459.888716186
3248.0,0.586084,39228.316374574744
3249.0,0.583483,39124.04860888876
3250.0,0.622146,41791.02196803382
3251.0,0.635521,42765.64216834664
3252.0,0.6176649999999999,41638.18751109839
3253.0,0.60245,40684.865418068184
3254.0,0.619404,41904.26731756522
3255.0,0.679796,46071.732313049004
3256.0,0.737348,50060.99261467032
3257.0,0.763484,51927.47731561075
3258.0,0.778608,53050.05069804602
3259.0,0.78556,53618.576937762606
3260.0,0.7746390000000001,52966.78154995665
3261.0,0.765766,52452.710454911474
3262.0,0.777872,53376.11354617893
3263.0,0.766478,52687.15929790376
3264.0,0.711114,48967.72476654817
3265.0,0.68737,47416.14086817623
3266.0,0.723125,49970.451044253416
3267.0,0.761781,52734.352845741894
3268.0,0.7828890000000001,54290.84431684574
3269.0,0.785928,54597.33151280387
3270.0,0.7492800000000001,52142.80341491919
3271.0,0.680185,47417.45049999248
3272.0,0.6521520000000001,45542.85209153086
3273.0,0.683891,47842.94004856661
3274.0,0.7105640000000001,49795.8423499864
3275.0,0.710037,49845.861710072015
3276.0,0.673425,47358.173343074224
3277.0,0.645447,45469.817373259284
3278.0,0.651472,45974.247507585635
3279.0,0.648687,45857.42430587281
3280.0,0.645175,45688.50207619274
3281.0,0.639285,45350.09149795947
3282.0,0.629666,44745.30775375883
3283.0,0.6462100000000001,46000.63986965618
3284.0,0.6779,48340.163476068534
3285.0,0.689416,49246.51046309647
3286.0,0.68057,48698.75629753127
3287.0,0.6524949999999999,46770.55934447537
3288.0,0.640979,46024.47324282634
3289.0,0.683242,49143.78177621323
3290.0,0.737681,53150.94047506771
3291.0,0.7536149999999999,54392.56906802134
3292.0,0.761361,55046.24413782977
3293.0,0.78676,56980.428443031604
3294.0,0.799172,57978.826174716014
3295.0,0.776174,56407.040927878006
3296.0,0.757404,55137.39412805926
3297.0,0.757594,55245.75758475011
3298.0,0.75981,55502.24189247906
3299.0,0.753125,55108.05064639701
3300.0,0.764053,56003.25690501165
3301.0,0.757107,55588.9187223459
3302.0,0.699268,51429.83573502332
3303.0,0.690321,50858.370147145775
3304.0,0.719197,53076.03160272493
3305.0,0.69405,51307.388854018405
3306.0,0.6522680000000001,48300.670475431594
3307.0,0.630487,46767.107525448046
3308.0,0.621657,46190.41300914666
3309.0,0.637793,47469.730416174345
3310.0,0.646987,48235.6270064397
3311.0,0.654385,48869.78452955152
3312.0,0.672343,50295.83807468733
3313.0,0.65517,49094.020165786904
3314.0,0.6169,46304.388764787705
3315.0,0.6100899999999999,45870.4968429389
3316.0,0.619527,46658.55548499796
3317.0,0.625173,47163.07782359617
3318.0,0.643193,48604.16336595274
3319.0,0.661262,50053.60118350368
3320.0,0.656762,49796.491266548226
3321.0,0.642612,48805.40094642139
3322.0,0.591148,44972.07960760956
3323.0,0.54303,41380.680387706736
3324.0,0.588527,44922.77953928812
3325.0,0.653384,49956.788748583494
3326.0,0.652381,49963.457096162136
3327.0,0.620762,47621.25386087225
3328.0,0.604746,46469.99239457888
3329.0,0.585916,45098.09720667791
3330.0,0.592967,45716.82051263908
3331.0,0.644387,49763.88393128396
3332.0,0.662204,51224.847368380884
3333.0,0.62853,48700.748003585446
3334.0,0.594666,46153.309437491174
3335.0,0.573289,44567.968674233445
3336.0,0.543095,42290.605337014465
3337.0,0.535424,41762.27715472589
3338.0,0.57171,44666.27551466314
3339.0,0.588432,46048.6841202488
3340.0,0.572708,44892.16576921904
3341.0,0.575231,45164.30524437756
3342.0,0.580477,45651.30406496034
3343.0,0.589329,46423.778161076996
3344.0,0.610773,48192.15829017904
3345.0,0.624486,49355.153720858885
3346.0,0.605441,47928.547276825084
3347.0,0.565592,44847.4456218942
3348.0,0.509501,40466.05726408233
3349.0,0.457838,36422.39210405308
3350.0,0.498872,39751.71954370358
3351.0,0.5907220000000001,47147.587989244465
3352.0,0.651805,52107.8253763516
3353.0,0.6606569999999999,52901.69820278511
3354.0,0.640217,51348.583840159175
3355.0,0.650921,52292.16618060267
3356.0,0.64098,51577.382161479036
3357.0,0.549187,44263.007435563886
3358.0,0.399042,32213.989985645134
3359.0,0.257846,20849.274039658234
3360.0,0.191078,15475.519707591586
3361.0,0.219569,17811.84819854353
3362.0,0.339954,27622.36831658036
3363.0,0.479584,39030.81564441076
3364.0,0.552721,45055.77689784203
3365.0,0.5638029999999999,46033.38028239641
3366.0,0.550041,44982.222184822014
3367.0,0.519304,42537.0397226624
3368.0,0.456107,37420.66294311152
3369.0,0.382873,31462.84706292626
3370.0,0.337461,27775.686379542545
3371.0,0.318945,26293.859411676814
3372.0,0.330214,27266.584694715275
3373.0,0.389441,32208.68931562041
3374.0,0.466115,38611.79355328716
3375.0,0.533195,44239.262425726905
3376.0,0.585598,48664.88542393879
3377.0,0.603795,50257.321886459584
3378.0,0.585747,48832.955675852245
3379.0,0.525476,43878.152356764695
3380.0,0.468412,39175.57389646954
3381.0,0.495683,41522.42301210843
3382.0,0.55279,46379.87273248729
3383.0,0.5372239999999999,45145.54427811522
3384.0,0.50253,42297.1393077916
3385.0,0.5073529999999999,42770.87679627285
3386.0,0.512981,43313.92323452522
3387.0,0.491155,41536.75248826737
3388.0,0.476128,40329.684309355434
3389.0,0.5303399999999999,44992.69644019946
3390.0,0.583612,49590.42076480905
3391.0,0.553298,47088.844121186914
3392.0,0.498978,42532.90875753434
3393.0,0.497698,42490.68638658515
3394.0,0.532501,45533.585718299466
3395.0,0.562884,48207.35572750681
3396.0,0.6046600000000001,51866.63078760467
3397.0,0.657709,56505.71624368217
3398.0,0.69095,59454.733000023705
3399.0,0.7075020000000001,60974.480322413045
3400.0,0.735216,63462.24348810766
3401.0,0.7224010000000001,62453.71222950199
3402.0,0.654467,56669.12846305095
3403.0,0.6230180000000001,54030.33363815769
3404.0,0.630171,54736.0126483175
3405.0,0.621861,54098.49311524388
3406.0,0.605953,52796.764168717906
3407.0,0.6032930000000001,52646.873733536595
3408.0,0.613317,53604.920306219145
3409.0,0.586825,51369.22665069143
3410.0,0.588217,51571.07421094441
3411.0,0.659591,57918.450004825725
3412.0,0.661263,58155.320753753775
3413.0,0.57457,50609.33381900312
3414.0,0.549707,48494.31210603041
3415.0,0.608715,53782.97503643203
3416.0,0.638865,56534.11749825588
3417.0,0.632359,56044.80335538232
3418.0,0.686133,60904.51650936791
3419.0,0.7454529999999999,66272.05362432395
3420.0,0.724457,64504.67144045366
3421.0,0.6972189999999999,62174.9699909614
3422.0,0.701863,62685.33625016058
3423.0,0.671298,60047.59671436986
3424.0,0.635314,56916.055446974875
3425.0,0.653679,58651.134646481456
3426.0,0.672373,60420.88667713607
3427.0,0.678136,61032.05592100428
3428.0,0.723286,65195.11518225744
3429.0,0.773626,69839.20415713376
3430.0,0.781758,70681.0861112799
3431.0,0.7489560000000001,67818.6701274558
3432.0,0.6982619999999999,63324.66307458227
3433.0,0.664669,60369.954534234086
3434.0,0.709375,64528.51636766054
3435.0,0.781428,71190.91544423674
3436.0,0.77913,71089.3880273669
3437.0,0.738373,67472.89254842958
3438.0,0.724124,66271.15940768854
3439.0,0.698852,64055.19810274729
3440.0,0.626207,57483.61315214651
3441.0,0.579968,53319.56288797042
3442.0,0.587063,54053.410645778466
3443.0,0.58036,53516.924127661674
3444.0,0.591953,54668.3057586693
3445.0,0.647522,59890.38028497699
3446.0,0.691718,64074.49770884326
3447.0,0.742937,68922.52032109347
3448.0,0.794521,73818.8050329659
3449.0,0.784895,73034.00207980158
3450.0,0.7635149999999999,71151.2373935918
3451.0,0.743648,69403.77367945306
3452.0,0.6837989999999999,63913.758856323264
3453.0,0.65153,60988.785530079156
3454.0,0.6981649999999999,65451.97438887444
3455.0,0.757981,71165.83534628265
3456.0,0.775984,72964.90057948645
3457.0,0.757684,71350.46119914154
3458.0,0.723476,68230.67708961033
3459.0,0.7064090000000001,66720.31753596994
3460.0,0.696375,65870.4796567881
3461.0,0.676669,64101.64201688297
3462.0,0.682396,64740.19626036526
3463.0,0.724114,68800.02491879949
3464.0,0.767284,73009.8326189937
3465.0,0.757637,72198.70263612011
3466.0,0.724859,69177.39581366633
3467.0,0.735023,70251.16112251992
3468.0,0.76767,73479.89048681852
3469.0,0.793273,76042.67881735139
3470.0,0.8146180000000001,78204.00431559913
3471.0,0.813837,78244.19456985062
3472.0,0.786064,75685.33841996557
3473.0,0.748664,72190.39345863898
3474.0,0.696856,67293.56913931057
3475.0,0.636961,61600.02316363199
3476.0,0.591236,57261.91540722583
3477.0,0.610612,59225.23021226661
3478.0,0.690802,67101.29241397709
3479.0,0.748371,72799.69839053301
3480.0,0.773411,75345.57678048027
3481.0,0.7904909999999999,77122.0544351547
3482.0,0.7779020000000001,76004.66486758152
3483.0,0.727119,71146.5770687119
3484.0,0.7186170000000001,70417.1784379107
3485.0,0.7581829999999999,74402.45192561677
3486.0,0.809318,79536.03501995781
3487.0,0.8470129999999999,83361.55448956037
3488.0,0.82301,81116.89003825712
3489.0,0.7515970000000001,74185.85885749175
3490.0,0.681217,67336.56226366729
3491.0,0.674589,66778.02216159481
3492.0,0.713955,70777.20878989145
3493.0,0.7235199999999999,71829.17703069205
3494.0,0.725483,72128.15293379044
3495.0,0.687142,68414.90833080294
3496.0,0.625775,62394.83084936222
3497.0,0.6366689999999999,63572.56279359065
3498.0,0.717576,71754.47604938316
3499.0,0.78257,78366.20765711837
3500.0,0.7788930000000001,78110.14520842992
3501.0,0.763204,76646.75230150757
3502.0,0.77244,77685.6523715717
3503.0,0.798662,80438.04246143924
3504.0,0.800323,80720.83532091326
3505.0,0.7545189999999999,76209.98500593497
3506.0,0.726772,73512.41632120433
3507.0,0.749378,75907.3333503417
3508.0,0.783371,79463.93013743905
3509.0,0.774936,78720.45805795885
3510.0,0.7284470000000001,74103.45059314057
3511.0,0.726993,74060.88017949571
3512.0,0.7354069999999999,75024.6605642335
3513.0,0.690967,70591.22176101407
3514.0,0.672446,68796.66600919774
3515.0,0.725871,74367.89389032256
3516.0,0.795474,81614.54407672245
3517.0,0.821835,84438.63613762693
3518.0,0.802906,82610.59742171515
3519.0,0.7566689999999999,77963.43388661426
3520.0,0.7084550000000001,73098.87974779723
3521.0,0.6941689999999999,71725.99430641247
3522.0,0.707821,73239.80733587393
3523.0,0.6843100000000001,70906.90043563316
3524.0,0.623728,64720.54989192217
3525.0,0.601371,62488.52316684297
3526.0,0.5989939999999999,62329.05642714574
3527.0,0.642676,66968.4029701007
3528.0,0.7211890000000001,75255.1480119688
3529.0,0.759256,79338.51974399584
3530.0,0.7668,80239.12543274542
3531.0,0.767084,80381.24144986413
3532.0,0.756337,79365.96782217242
3533.0,0.753742,79204.22575455696
3534.0,0.775353,81588.93403189207
3535.0,0.782239,82428.40300980782
3536.0,0.781879,82505.3455200609
3537.0,0.796409,84155.65405256582
3538.0,0.8149390000000001,86233.56271233922
3539.0,0.839241,88928.60748444316
3540.0,0.8252370000000001,87566.20911221825
3541.0,0.7817689999999999,83068.97401240598
3542.0,0.769213,81848.18398028
3543.0,0.788216,83986.44470979186
3544.0,0.798705,85221.92898525893
3545.0,0.780822,83429.08732531671
3546.0,0.767478,82116.67758381025
3547.0,0.751783,80548.49080128311
3548.0,0.725442,77833.50080730014
3549.0,0.734628,78927.76378488772
3550.0,0.75245,80953.92508108381
3551.0,0.7352029999999999,79207.25607119185
3552.0,0.700181,75537.90666410876
3553.0,0.665754,71922.50844198898
3554.0,0.6403439999999999,69272.4098748717
3555.0,0.628247,68056.99645384538
3556.0,0.597458,64810.38968710164
3557.0,0.55821,60635.820029190756
3558.0,0.540046,58743.02162523827
3559.0,0.533162,58073.51283558093
3560.0,0.522781,57020.57330846198
3561.0,0.491723,53706.23139266202
3562.0,0.491704,53777.39554698515
3563.0,0.5359970000000001,58701.57420924636
3564.0,0.544321,59694.365587795495
3565.0,0.496341,54506.55858595617
3566.0,0.458043,50369.16135634942
3567.0,0.468623,51602.581259445884
3568.0,0.486166,53606.970660344414
3569.0,0.469197,51806.02432517798
3570.0,0.457841,50620.63350967923
3571.0,0.486348,53845.24847381684
3572.0,0.515993,57204.5954721448
3573.0,0.547207,60747.03878202782
3574.0,0.561973,62470.47089657239
3575.0,0.542385,60374.33542804279
3576.0,0.51976,57933.853040620445
3577.0,0.514889,57468.19322950441
3578.0,0.512516,57280.29309184017
3579.0,0.499595,55911.25813552109
3580.0,0.45877,51411.357978169064
3581.0,0.409548,45956.95678528388
3582.0,0.419689,47158.06032173469
3583.0,0.4377970000000001,49258.65264007583
3584.0,0.391626,44122.70920261289
3585.0,0.344953,38916.250864769085
3586.0,0.354329,40027.428281864166
3587.0,0.363359,41102.32043240702
3588.0,0.35408,40106.129666098284
3589.0,0.344451,39067.46698803401
3590.0,0.408864,46434.91269644504
3591.0,0.573943,65269.75610549415
3592.0,0.6783819999999999,77249.29397304184
3593.0,0.678492,77364.4462697332
3594.0,0.660875,75455.69298249985
3595.0,0.659401,75387.23244829378
3596.0,0.7021390000000001,80379.68823755426
3597.0,0.772487,88550.07540795166
3598.0,0.8266540000000001,94884.56595489611
3599.0,0.8590459999999999,98732.875376525
3600.0,0.849147,97724.01912440037
3601.0,0.789849,91019.63776176954
3602.0,0.721537,83257.18847990315
3603.0,0.713374,82423.68580592112
3604.0,0.738101,85392.88449260534
3605.0,0.738594,85562.27378473578
3606.0,0.749097,86892.99531649426
3607.0,0.7721859999999999,89688.82189053425
3608.0,0.742791,86387.7637618168
3609.0,0.675143,78623.08656433849
3610.0,0.652886,76130.7162246091
3611.0,0.685585,80048.21001962126
3612.0,0.7017939999999999,82047.8578138929
3613.0,0.678516,79429.98605672714
3614.0,0.703075,82412.36292399191
3615.0,0.774612,90916.09418270882
3616.0,0.820902,96474.65240061827
3617.0,0.799297,94057.83384097056
3618.0,0.704348,82992.42956468082
3619.0,0.648454,76505.78784381853
3620.0,0.7075020000000001,83580.74510667476
3621.0,0.7741399999999999,91571.65141919524
3622.0,0.79705,94403.82688248125
3623.0,0.792844,94027.26357542393
3624.0,0.7683,91234.36019288523
3625.0,0.7862239999999999,93483.49996766353
3626.0,0.836976,99646.54994415645
3627.0,0.8203219999999999,97789.84135945817
3628.0,0.770022,91911.98875393232
3629.0,0.751292,89791.86008754506
3630.0,0.701642,83965.81023556975
3631.0,0.633175,75869.79198697538
3632.0,0.649954,77980.40966009021
3633.0,0.700563,84160.31914995282
3634.0,0.68733,82676.53978951195
3635.0,0.649542,78231.3049205324
3636.0,0.671411,80968.79248591802
3637.0,0.722467,87237.38311775067
3638.0,0.745974,90191.00802573093
3639.0,0.76052,92067.14073986045
3640.0,0.783029,94913.03501591673
3641.0,0.774861,94042.75576917325
3642.0,0.726183,88247.14920027959
3643.0,0.6920569999999999,84207.16919615697
3644.0,0.68435,83375.33700695404
3645.0,0.675427,82392.82821271251
3646.0,0.6882229999999999,84060.38452256887
3647.0,0.6897220000000001,84350.37157335266
3648.0,0.675639,82732.83337246731
3649.0,0.682339,83659.09919833763
3650.0,0.691559,84896.84767693741
3651.0,0.687231,84472.22676327238
3652.0,0.696924,85771.90036826902
3653.0,0.737657,90899.6116574027
3654.0,0.778265,96024.60851650822
3655.0,0.819219,101205.02704240431
3656.0,0.8430030000000001,104274.41239616557
3657.0,0.8367040000000001,103625.48523567726
3658.0,0.820602,101759.02644598762
3659.0,0.804265,99858.42723365601
3660.0,0.7780279999999999,96722.05142276126
3661.0,0.764145,95115.28393260142
3662.0,0.772725,96303.7719998452
3663.0,0.78325,97737.69242553673
3664.0,0.765659,95662.10968098228
3665.0,0.774691,96911.54118078398
3666.0,0.817932,102448.6308786726
3667.0,0.8287190000000001,103929.24403446932
3668.0,0.792946,99566.93569471202
3669.0,0.730313,91816.59021745823
3670.0,0.708635,89202.05760284126
3671.0,0.744204,93795.92333063523
3672.0,0.773614,97623.75718854257
3673.0,0.7584350000000001,95827.09973645283
3674.0,0.755015,95513.30736521566
3675.0,0.79782,101053.43847696061
3676.0,0.811431,102904.69536251087
3677.0,0.7697,97733.18429915015
3678.0,0.742572,94405.14118522838
3679.0,0.743103,94589.33096495579
3680.0,0.752464,95899.08794762156
3681.0,0.762842,97341.60567410433
3682.0,0.7230800000000001,92381.49115921477
3683.0,0.701284,89707.09806647223
3684.0,0.729524,93434.2858114213
3685.0,0.726204,93123.36965901667
3686.0,0.700539,89942.56614316566
3687.0,0.673651,86596.50744288255
3688.0,0.686048,88298.21699292118
3689.0,0.744683,95962.25320067328
3690.0,0.7972130000000001,102857.15017269662
3691.0,0.8261370000000001,106719.2734130284
3692.0,0.806168,104266.92517430814
3693.0,0.7405649999999999,95898.9765782004
3694.0,0.717858,93071.91864124747
3695.0,0.7789510000000001,101115.82942628239
3696.0,0.8265979999999999,107431.54014099618
3697.0,0.807614,105091.91072165506
3698.0,0.792018,103187.72906286067
3699.0,0.829073,108146.60354899628
3700.0,0.8652569999999999,113003.50144901549
3701.0,0.861506,112650.0292559142
3702.0,0.8373459999999999,109623.51751544717
3703.0,0.7791140000000001,102123.36822241743
3704.0,0.701028,91999.27045556533
3705.0,0.644001,84617.46610681176
3706.0,0.6236689999999999,82044.91069133804
3707.0,0.651981,85872.87491395525
3708.0,0.682722,90030.17507461741
3709.0,0.68763,90786.59060326286
3710.0,0.690397,91261.59218400944
3711.0,0.726761,96183.94271103441
3712.0,0.782148,103638.53801754031
3713.0,0.8334309999999999,110566.33859875942
3714.0,0.854152,113451.16014491499
3715.0,0.8288409999999999,110221.18329230724
3716.0,0.806843,107424.29335429141
3717.0,0.8156680000000001,108729.1730399106
3718.0,0.804574,107378.51873770753
3719.0,0.740016,98880.54300399119
3720.0,0.662747,88661.56366500382
3721.0,0.617514,82708.82898308357
3722.0,0.613946,82328.88834533426
3723.0,0.663576,89090.07540029105
3724.0,0.723999,97317.90875916768
3725.0,0.783623,105457.55250085628
3726.0,0.7961590000000001,107271.8081546323
3727.0,0.733304,98920.13316878882
3728.0,0.714098,96443.4791600528
3729.0,0.75454,102026.10379473197
3730.0,0.753909,102061.39795276168
3731.0,0.735813,99729.38954709866
3732.0,0.7200340000000001,97706.03672301989
3733.0,0.673833,91544.64132828503
3734.0,0.6110909999999999,83118.62828283774
3735.0,0.5836640000000001,79481.63382358674
3736.0,0.600173,81825.99639492792
3737.0,0.607575,82932.60076585543
3738.0,0.6428560000000001,87851.50458108139
3739.0,0.699569,95714.06100303656
3740.0,0.745625,102135.07326192874
3741.0,0.759645,104177.50621944424
3742.0,0.750765,103080.30489283749
3743.0,0.732996,100758.39886940774
3744.0,0.724698,99734.23620981151
3745.0,0.696956,96028.39920810958
3746.0,0.660643,91131.36284675071
3747.0,0.657474,90800.00764156521
3748.0,0.61757,85388.4917850104
3749.0,0.572344,79227.45618198877
3750.0,0.618566,85725.42057359216
3751.0,0.7183970000000001,99676.4743372236
3752.0,0.767779,106651.88676177322
3753.0,0.7700859999999999,107096.49916369509
3754.0,0.789085,109865.9574777415
3755.0,0.826522,115211.72093355918
3756.0,0.8302229999999999,115861.5872261975
3757.0,0.7564310000000001,105685.66342729023
3758.0,0.655446,91682.25825385228
3759.0,0.6256659999999999,87617.75973788614
3760.0,0.658133,92270.74819631799
3761.0,0.701021,98396.979689206
3762.0,0.754062,105963.85302832717
3763.0,0.7719729999999999,108605.62626006409
3764.0,0.7622369999999999,107359.2201507868
3765.0,0.788216,111145.8519071612
3766.0,0.787667,111195.94144726484
3767.0,0.7611760000000001,107579.42716357438
3768.0,0.779981,110363.53509324271
3769.0,0.80311,113766.30029116427
3770.0,0.7779689999999999,110330.98585957127
3771.0,0.767378,108953.38834678647
3772.0,0.797906,113417.19487846538
3773.0,0.812597,115637.24723289459
3774.0,0.7806850000000001,111222.66815619946
3775.0,0.7433489999999999,106024.14179564368
3776.0,0.748621,106897.64207573084
3777.0,0.784945,112211.93456344132
3778.0,0.8040579999999999,115074.8688604394
3779.0,0.818313,117247.99854499211
3780.0,0.85693,122920.3527762289
3781.0,0.8801760000000001,126397.9482863314
3782.0,0.871224,125254.10618635072
3783.0,0.8505010000000001,122413.18511753641
3784.0,0.8472930000000001,122089.35657748174
3785.0,0.8228540000000001,118701.81987218352
3786.0,0.746999,107880.91195215449
3787.0,0.705327,101977.57573701137
3788.0,0.700942,101457.79842582485
3789.0,0.7010890000000001,101593.34757482608
3790.0,0.7202270000000001,104484.02011202574
3791.0,0.745372,108253.38862421169
3792.0,0.739661,107544.61946024951
3793.0,0.707773,103023.68780698719
3794.0,0.686385,100022.47821907976
3795.0,0.689321,100562.86902651546
3796.0,0.696815,101769.94717750006
3797.0,0.677076,98997.67246712306
3798.0,0.6548,95847.62035987098
3799.0,0.673991,98766.90754958522
3800.0,0.72491,106347.121319322
3801.0,0.759827,111593.84816767045
3802.0,0.775475,114018.89116382039
3803.0,0.799268,117647.9903013675
3804.0,0.813446,119868.06281680556
3805.0,0.796856,117553.85455472945
3806.0,0.748981,110613.89693875184
3807.0,0.706622,104473.82828091382
3808.0,0.719634,106515.56815138867
3809.0,0.7555029999999999,111948.49652177423
3810.0,0.763149,113206.5793037826
3811.0,0.7414930000000001,110115.6986470635
3812.0,0.7073050000000001,105154.62165325748
3813.0,0.6662640000000001,99162.40198378538
3814.0,0.639332,95258.94898749185
3815.0,0.6230399999999999,92933.76373037501
3816.0,0.6185350000000001,92363.36121053752
3817.0,0.648357,96923.05799788072
3818.0,0.652471,97645.26152978209
3819.0,0.597402,89502.1130110002
3820.0,0.530151,79513.79100759747
3821.0,0.522691,78480.8608657497
3822.0,0.558755,83987.68717146761
3823.0,0.563509,84794.97620764215
3824.0,0.526364,79292.1354608045
3825.0,0.4739020000000001,71467.1972327795
3826.0,0.437121,65992.37483393076
3827.0,0.433698,65547.02531679819
3828.0,0.440696,66677.26272048868
3829.0,0.442359,67001.76029257754
3830.0,0.425056,64451.01967609196
3831.0,0.396178,60137.57329711367
3832.0,0.366903,55754.293264767104
3833.0,0.357057,54316.99293004834
3834.0,0.371578,56587.28811314045
3835.0,0.395476,60291.95272173863
3836.0,0.417214,63674.86401871654
3837.0,0.428785,65511.61125374668
3838.0,0.4232770000000001,64739.97377398275
3839.0,0.413992,63388.220201159085
3840.0,0.406496,62307.6332092562
3841.0,0.41283,63346.73071818203
3842.0,0.4401100000000001,67605.4613720928
3843.0,0.455686,70073.4383879882
3844.0,0.449203,69150.79829072073
3845.0,0.422415,65096.89890668277
3846.0,0.39345,60698.302739790066
3847.0,0.390388,60290.529470773254
3848.0,0.383786,59334.46332564809
3849.0,0.34587,53529.803388603126
3850.0,0.327641,50762.788807399134
3851.0,0.368251,57115.66718082854
3852.0,0.41163,63911.94584869402
3853.0,0.403954,62787.07464938929
3854.0,0.396324,61666.83188118193
3855.0,0.423783,66009.63606520605
3856.0,0.42365,66059.17945345514
3857.0,0.380105,59332.31831341459
3858.0,0.324751,50745.7433918202
3859.0,0.282473,44186.24192436159
3860.0,0.279531,43772.436276941844
3861.0,0.32802,51419.90838926643
3862.0,0.437433,68643.9659252217
3863.0,0.512703,80540.83889136522
3864.0,0.47138,74127.70003097452
3865.0,0.388093,61094.74878471384
3866.0,0.327548,51618.02029755233
3867.0,0.274248,43264.11231137215
3868.0,0.210097,33178.880925781436
3869.0,0.148286,23442.245302460997
3870.0,0.10614,16797.124115253828
3871.0,0.114273,18103.222467878863
3872.0,0.185203,29370.83596571376
3873.0,0.28732800000000003,45614.39210035181
3874.0,0.392654,62400.668013985276
3875.0,0.459953,73172.44397454556
3876.0,0.445758,70988.46152015508
3877.0,0.372459,59377.406598241345
3878.0,0.295788,47203.81059396733
3879.0,0.24889,39761.00323668884
3880.0,0.194705,31137.2311456034
3881.0,0.124214,19885.02111928048
3882.0,0.124998,20031.377673001665
3883.0,0.287111,46058.46456169075
3884.0,0.53355,85681.33824281723
3885.0,0.6672560000000001,107264.18100498653
3886.0,0.680887,109569.08042197303
3887.0,0.689779,111115.15802596515
3888.0,0.674746,108806.20149596852
3889.0,0.611613,98727.84419685623
3890.0,0.606089,97937.40427823739
3891.0,0.664986,107565.63780388335
3892.0,0.702284,113716.19564583694
3893.0,0.685036,111037.8548549231
3894.0,0.6468010000000001,104948.46658808918
3895.0,0.606401,98494.66278096319
3896.0,0.630364,102492.28914024224
3897.0,0.6705800000000001,109143.28381223002
3898.0,0.661791,107823.5270726473
3899.0,0.671583,109531.30391438049
3900.0,0.6850109999999999,111835.99964501632
3901.0,0.659602,107798.11990389769
3902.0,0.6228640000000001,101898.36757906082
3903.0,0.650058,106456.08897828797
3904.0,0.701508,114999.2640543014
3905.0,0.672003,110275.06151895181
3906.0,0.623851,102477.91177724345
3907.0,0.646628,106327.79888207736
3908.0,0.69008,113588.48709370352
3909.0,0.6993159999999999,115226.01116136786
3910.0,0.6658149999999999,109817.72917351134
3911.0,0.685321,113149.95280244449
3912.0,0.745757,123253.35836600947
3913.0,0.7237859999999999,119743.60265441754
3914.0,0.659,109135.96897336027
3915.0,0.636245,105474.35113326169
3916.0,0.645763,107160.62982728123
3917.0,0.676499,112374.69153408468
3918.0,0.688021,114404.19151701168
3919.0,0.654687,108971.3880807737
3920.0,0.583979,97300.2944281547
3921.0,0.535505,89313.73444090398
3922.0,0.5632189999999999,94030.65162287104
3923.0,0.609883,101923.83184498045
3924.0,0.627757,105016.48587292271
3925.0,0.605996,101478.02689949679
3926.0,0.558346,93592.6281094304
3927.0,0.485387,81444.54246088881
3928.0,0.398082,66862.35046021921
3929.0,0.334167,56183.339325462155
3930.0,0.273789,46078.09462191903
3931.0,0.204854,34510.96727375491
3932.0,0.13337100000000002,22490.954997112873
3933.0,0.074347,12549.990090988777
3934.0,0.0633425,10703.066375093736
3935.0,0.110126,18626.686627815452
3936.0,0.191479,32418.973428753245
3937.0,0.28238,47856.84310860887
3938.0,0.368455,62506.64849409881
3939.0,0.444111,75416.18794064947
3940.0,0.493752,83929.15345024435
3941.0,0.516914,87953.44199236466
3942.0,0.533153,90806.43272177034
3943.0,0.5324760000000001,90780.93478282553
3944.0,0.538486,91896.4059965645
3945.0,0.60328,103055.73817956875
3946.0,0.676393,115659.45431479636
3947.0,0.686305,117470.17747637995
3948.0,0.662146,113446.81122622757
3949.0,0.665629,114155.93195410249
3950.0,0.690472,118533.11042676755
3951.0,0.686929,118040.88729986691
3952.0,0.639491,109997.2178933207
3953.0,0.6404989999999999,110278.7959527553
3954.0,0.7209300000000001,124248.9133456253
3955.0,0.752201,129765.42540957984
3956.0,0.704134,121592.17788930958
3957.0,0.673596,116432.62852710123
3958.0,0.6953550000000001,120311.270113824
3959.0,0.725979,125732.61920760226
3960.0,0.7113109999999999,123312.54226048566
3961.0,0.631827,109640.08849261736
3962.0,0.541081,93984.5786738119
3963.0,0.488404,84917.32280817625
3964.0,0.451273,78537.8208905018
3965.0,0.385272,67116.45491037842
3966.0,0.283717,49473.04421500803
3967.0,0.174982,30542.03814729382
3968.0,0.0997397,17425.839527738568
3969.0,0.10235,17899.22237520603
3970.0,0.181657,31799.388512982
3971.0,0.28275700000000004,49545.014706902846
3972.0,0.371285,65119.88380104605
3973.0,0.44731,78529.7271036322
3974.0,0.518957,91195.99688194043
3975.0,0.601191,105748.7988179622
3976.0,0.669629,117900.44665565093
3977.0,0.706499,124511.83256212296
3978.0,0.7381479999999999,130214.7108352125
3979.0,0.773788,136633.05437559655
3980.0,0.795033,140519.2356613403
3981.0,0.759364,134343.64209075941
3982.0,0.689078,122025.79420269605
3983.0,0.688589,122056.00139902235
3984.0,0.758372,134554.05836004872
3985.0,0.800663,142193.38065009462
3986.0,0.77851,138391.2333790224
3987.0,0.760048,135238.3379626207
3988.0,0.793474,141320.63514771694
3989.0,0.81672,145599.47289813982
3990.0,0.816656,145726.70913212077
3991.0,0.8364370000000001,149398.51522410504
3992.0,0.8604700000000001,153837.24062194244
3993.0,0.84998,152106.16423853312
3994.0,0.7996770000000001,143240.1378384251
3995.0,0.769788,138017.11249705995
3996.0,0.7824399999999999,140418.45117685813
3997.0,0.7784939999999999,139842.5697302108
3998.0,0.759408,136543.15862594004
3999.0,0.770854,138732.1822010774
4000.0,0.780436,140589.32673855656
4001.0,0.78085,140796.64319456578
4002.0,0.825182,148930.52527997678
4003.0,0.871835,157498.79111024327
4004.0,0.8568629999999999,154939.7764339873
4005.0,0.793713,143655.84445974804
4006.0,0.75963,137616.29013340216
4007.0,0.790003,143253.114234147
4008.0,0.8408610000000001,152618.3650273581
4009.0,0.862899,156765.13102742596
4010.0,0.876122,159316.46796922106
4011.0,0.8781260000000001,159830.31744279683
4012.0,0.8536879999999999,155527.5775644843
4013.0,0.847477,154540.2888632828
4014.0,0.8539260000000001,155861.64937929396
4015.0,0.852777,155797.11266989718
4016.0,0.8376899999999999,153183.4394710305
4017.0,0.8093359999999999,148136.32553328283
4018.0,0.807495,147936.87465292108
4019.0,0.819146,150210.90602076284
4020.0,0.814422,149483.365072753
4021.0,0.821938,151002.90840677285
4022.0,0.8491270000000001,156142.6165848932
4023.0,0.8566549999999999,157672.8696525552
4024.0,0.820948,151240.65472228106
4025.0,0.788891,145469.33363028467
4026.0,0.807654,149066.82842999662
4027.0,0.8412649999999999,155413.72374968327
4028.0,0.857231,158509.37853349838
4029.0,0.848167,156977.9610498155
4030.0,0.799339,148077.2024605386
4031.0,0.759871,140895.33760520394
4032.0,0.753395,139823.02950463785
4033.0,0.7366550000000001,136841.87177163234
4034.0,0.722685,134370.0459916418
4035.0,0.748236,139248.41302986248
4036.0,0.805017,149952.80899372092
4037.0,0.851927,158836.20623993763
4038.0,0.8795700000000001,164140.1290583727
4039.0,0.8734219999999999,163141.85609083902
4040.0,0.830076,155187.1330794164
4041.0,0.81172,151893.90630330594
4042.0,0.8333360000000001,156081.04752088958
4043.0,0.832938,156148.67298728248
4044.0,0.798669,149860.68599990473
4045.0,0.753146,141447.4104412359
4046.0,0.745838,140202.23755886362
4047.0,0.78742,148153.24332917322
4048.0,0.807342,152039.42725274098
4049.0,0.808562,152407.25310070725
4050.0,0.830259,156638.74842000933
4051.0,0.863605,163077.3846287035
4052.0,0.870131,164458.33255281858
4053.0,0.8483649999999999,160489.38396484853
4054.0,0.8292799999999999,157020.64570598662
4055.0,0.824783,156310.06502149274
4056.0,0.833766,158154.9446546939
4057.0,0.8353950000000001,158606.68604641707
4058.0,0.8230930000000001,156411.69751414756
4059.0,0.8309479999999999,158046.3773933998
4060.0,0.8697020000000001,165566.0248388997
4061.0,0.897241,170962.0017415527
4062.0,0.8714379999999999,166194.39955058883
4063.0,0.810929,154793.17456764705
4064.0,0.785543,150081.68609099646
4065.0,0.78285,149701.01072881036
4066.0,0.751119,143761.64774978743
4067.0,0.7566689999999999,144953.2747461547
4068.0,0.8284600000000001,158847.76478123554
4069.0,0.887875,170391.7423854394
4070.0,0.8897930000000001,170911.99074332826
4071.0,0.8527610000000001,163944.70290680247
4072.0,0.839361,161512.08948623503
4073.0,0.8504120000000001,163784.00978773975
4074.0,0.8318969999999999,160360.4358694103
4075.0,0.802207,154774.47793866694
4076.0,0.783984,151392.72675010466
4077.0,0.75953,146800.43286393513
4078.0,0.7626689999999999,147537.61924004435
4079.0,0.8133729999999999,157485.43105871623
4080.0,0.8664569999999999,167911.82526535186
4081.0,0.8963129999999999,173851.03539602697
4082.0,0.8840879999999999,171631.13808968937
4083.0,0.8288030000000001,161040.30476859707
4084.0,0.77256,150244.24766605796
4085.0,0.775416,150932.3873786986
4086.0,0.836132,162893.6895522925
4087.0,0.8970879999999999,174922.58151333898
4088.0,0.936377,182743.8067780254
4089.0,0.948051,185184.40637684322
4090.0,0.938947,183566.8515859872
4091.0,0.919571,179936.22271433863
4092.0,0.895999,175477.19942615178
4093.0,0.894468,175330.51147283905
4094.0,0.897565,176091.2629267001
4095.0,0.8697440000000001,170782.05437786807
4096.0,0.84711,166482.7264279118
4097.0,0.862609,169676.47027351425
4098.0,0.88871,174962.7735313813
4099.0,0.891649,175694.08986334826
4100.0,0.854377,168496.19554163594
4101.0,0.792849,156497.7312534805
4102.0,0.76932,151985.19530899607
4103.0,0.7985,157886.7084872864
4104.0,0.8303450000000001,164325.62805560025
4105.0,0.848577,168079.1124489048
4106.0,0.858332,170158.34229356996
4107.0,0.859226,170482.76998827347
4108.0,0.856015,169992.31483546103
4109.0,0.830501,165067.88697754263
4110.0,0.8126899999999999,161667.06611150433
4111.0,0.8352350000000001,166295.01267538706
4112.0,0.8659950000000001,172567.70082811694
4113.0,0.8879879999999999,177102.4235264249
4114.0,0.8952610000000001,178706.3739281268
4115.0,0.89754,179315.09468918282
4116.0,0.904529,180866.39570348224
4117.0,0.890609,178235.62409547373
4118.0,0.8399909999999999,168249.50644064532
4119.0,0.796859,159746.76582629245
4120.0,0.7993899999999999,160391.15757490875
4121.0,0.806469,161949.719268769
4122.0,0.802819,161354.34583725297
4123.0,0.802243,161376.07834577578
4124.0,0.813077,163694.76336368447
4125.0,0.829915,167226.96478274805
4126.0,0.8301219999999999,167410.96247474873
4127.0,0.811238,163741.6737798076
4128.0,0.794929,160586.09783858896
4129.0,0.8000109999999999,161749.86301930342
4130.0,0.807041,163309.5624536355
4131.0,0.795552,161121.06980059476
4132.0,0.763003,154659.80348707247
4133.0,0.740644,150254.627582974
4134.0,0.731698,148565.1856664342
4135.0,0.757782,153991.23346404478
4136.0,0.799372,162579.90719348355
4137.0,0.806674,164203.31549237348
4138.0,0.806071,164218.7640295643
4139.0,0.811234,165409.68833054244
4140.0,0.810127,165322.8637467589
4141.0,0.7969970000000001,162780.06252159225
4142.0,0.759798,155312.73922058413
4143.0,0.712651,145797.45365371375
4144.0,0.705281,144410.58576998356
4145.0,0.741783,152011.77315875542
4146.0,0.773656,158676.07493253512
4147.0,0.780169,160145.64826950233
4148.0,0.760825,156305.3442077829
4149.0,0.723799,148822.75192609747
4150.0,0.707591,145611.49203148132
4151.0,0.723633,149036.76485024297
4152.0,0.7339899999999999,151295.70290376357
4153.0,0.73315,151248.26068998245
4154.0,0.7221810000000001,149109.1893135656
4155.0,0.7218859999999999,149172.054606233
4156.0,0.724653,149868.0819745189
4157.0,0.7252310000000001,150111.9679113805
4158.0,0.7419479999999999,153699.3506845973
4159.0,0.771343,159920.96967166857
4160.0,0.78665,163229.41661831844
4161.0,0.772682,160463.5473040926
4162.0,0.7594270000000001,157841.079236256
4163.0,0.753564,156751.70319882885
4164.0,0.749901,156118.3235457075
4165.0,0.760309,158415.47419158826
4166.0,0.754208,157273.60169555305
4167.0,0.723186,150928.63331946146
4168.0,0.73021,152519.73465708524
4169.0,0.765691,160061.96607624707
4170.0,0.779695,163123.07452841563
4171.0,0.764785,160134.81405837135
4172.0,0.710249,148837.54012664917
4173.0,0.6643,139322.50194044
4174.0,0.6727420000000001,141208.3634073268
4175.0,0.706973,148514.64333160073
4176.0,0.724596,152340.9494193858
4177.0,0.701522,147610.07609466522
4178.0,0.6759430000000001,142343.77314052993
4179.0,0.681926,143720.6075708351
4180.0,0.675763,142537.55601532198
4181.0,0.674452,142376.64550849804
4182.0,0.706889,149345.26280859346
4183.0,0.732279,154834.96263351964
4184.0,0.743278,157288.02755147745
4185.0,0.7455579999999999,157898.30375381245
4186.0,0.709802,150447.36967128905
4187.0,0.662961,140632.73426390492
4188.0,0.65445,138939.48345498566
4189.0,0.668326,141999.90115927788
4190.0,0.68863,146431.93813380264
4191.0,0.697635,148466.34910356015
4192.0,0.6929609999999999,147590.41963096018
4193.0,0.697079,148586.95755155158
4194.0,0.677294,144485.7263921867
4195.0,0.6227060000000001,132947.2948439511
4196.0,0.58753,125537.926086948
4197.0,0.6074189999999999,129891.70998214064
4198.0,0.652442,139631.31961123296
4199.0,0.6951229999999999,148884.7350857233
4200.0,0.727013,155839.65724599487
4201.0,0.724313,155385.00041712174
4202.0,0.719325,154438.18376151763
4203.0,0.7236899999999999,155499.33392110703
4204.0,0.709831,152643.06105967012
4205.0,0.6899810000000001,148492.6960074669
4206.0,0.689474,148501.69931061653
4207.0,0.705079,151983.55269850921
4208.0,0.7349479999999999,158547.8732759417
4209.0,0.744011,160630.4496479796
4210.0,0.71539,154573.773025985
4211.0,0.683086,147710.87327120735
4212.0,0.665289,143976.38903436874
4213.0,0.641766,138995.64948322473
4214.0,0.592118,128344.14132655963
4215.0,0.530662,115114.16639064257
4216.0,0.5499,119381.55095325256
4217.0,0.662453,143929.8914009781
4218.0,0.75515,164199.29898315764
4219.0,0.813192,176959.153042088
4220.0,0.8633770000000001,188027.7662078955
4221.0,0.867024,188970.46230532046
4222.0,0.817651,178349.45643643223
4223.0,0.766149,167246.78790848464
4224.0,0.7483310000000001,163485.30770439314
4225.0,0.741204,162055.17739765436
4226.0,0.702309,153671.4791433325
4227.0,0.689621,151013.27115313621
4228.0,0.766324,167940.86356965752
4229.0,0.824998,180940.5419834156
4230.0,0.806379,176994.9826136142
4231.0,0.77913,171147.3373836906
4232.0,0.765329,168246.7110353673
4233.0,0.769563,169309.17935826688
4234.0,0.803808,176980.852256016
4235.0,0.785108,172997.85272156712
4236.0,0.68947,152042.06382399562
4237.0,0.654107,144355.71140411656
4238.0,0.709763,156759.92366649507
4239.0,0.7723140000000001,170707.19602422768
4240.0,0.812715,179776.18146592414
4241.0,0.815788,180595.47516105356
4242.0,0.7414189999999999,164258.80573627286
4243.0,0.684908,151856.12297371784
4244.0,0.741807,164598.48632002468
4245.0,0.815288,181042.49375988537
4246.0,0.809978,180001.85539099362
4247.0,0.730058,162366.01473830015
4248.0,0.645893,143758.0176729276
4249.0,0.618158,137690.64862883266
4250.0,0.665405,148328.35791792866
4251.0,0.753657,168129.82730929286
4252.0,0.799678,178533.1231578527
4253.0,0.7601939999999999,169848.00103069493
4254.0,0.693592,155085.84126477494
4255.0,0.6699890000000001,149922.75154753999
4256.0,0.732545,164046.0213260215
4257.0,0.8089850000000001,181302.21447897964
4258.0,0.777615,174404.72245998817
4259.0,0.719792,161559.06200764622
4260.0,0.710368,159565.1773338891
4261.0,0.701906,157784.3163132389
4262.0,0.718102,161547.74029264477
4263.0,0.7560600000000001,170216.09113734873
4264.0,0.7562770000000001,170394.10675748816
4265.0,0.772151,174102.4844362209
4266.0,0.790694,178418.52851229304
4267.0,0.7415,167444.60992375482
4268.0,0.708332,160075.5906102023
4269.0,0.715508,161819.4445307798
4270.0,0.686542,155385.68696357534
4271.0,0.656593,148719.38017535934
4272.0,0.667804,151372.6728941107
4273.0,0.657516,149152.88651601106
4274.0,0.598633,135897.85226938073
4275.0,0.597969,135849.15457466504
4276.0,0.680489,154712.51264987735
4277.0,0.762221,173424.7308734632
4278.0,0.7786649999999999,177299.00245506054
4279.0,0.6944819999999999,158249.33007561258
4280.0,0.589809,134498.4438830095
4281.0,0.609753,139150.4190172532
4282.0,0.695336,158799.71777102211
4283.0,0.749255,171241.4238368294
4284.0,0.728816,166694.38788631622
4285.0,0.626138,143316.6911919077
4286.0,0.56414,129222.15144824579
4287.0,0.6106199999999999,139972.97446346842
4288.0,0.656964,150708.43627241885
4289.0,0.619962,142325.79529769602
4290.0,0.577076,132578.72874983502
4291.0,0.592298,136176.80013599238
4292.0,0.657664,151317.33436408284
4293.0,0.714928,164614.62057998189
4294.0,0.698419,160932.35394360483
4295.0,0.652149,150381.73921475915
4296.0,0.604904,139590.35531440415
4297.0,0.5381100000000001,124268.32327775411
4298.0,0.489422,113107.92005056054
4299.0,0.431291,99746.99281685479
4300.0,0.390739,90434.84483850078
4301.0,0.413878,95860.7305748744
4302.0,0.428617,99347.48452743884
4303.0,0.408559,94767.8635577269
4304.0,0.403663,93700.91068896947
4305.0,0.422603,98169.31022225178
4306.0,0.449539,104502.95470192326
4307.0,0.43409,100985.43544231012
4308.0,0.369501,86022.50432573228
4309.0,0.32788,76388.6137274583
4310.0,0.31546,73548.6958212103
4311.0,0.316585,73864.83336947965
4312.0,0.35141,82049.88046891498
4313.0,0.436459,101981.9883402342
4314.0,0.548849,128336.09526805778
4315.0,0.6890729999999999,161241.50273311452
4316.0,0.8324530000000001,194933.60916150166
4317.0,0.897191,210245.66230759898
4318.0,0.898416,210685.42215874288
4319.0,0.895943,210257.7443207013
4320.0,0.8759299999999999,205709.98417496003
4321.0,0.82883,194789.48994609714
4322.0,0.75195,176849.09794258178
4323.0,0.611178,143845.13043889284
4324.0,0.523805,123370.2362867139
4325.0,0.558084,131538.6479028637
4326.0,0.652302,153856.30433075057
4327.0,0.747164,176357.9529401938
4328.0,0.788763,186310.74623400826
4329.0,0.784151,185354.47713194025
4330.0,0.7744300000000001,183188.11495676637
4331.0,0.792552,187609.30627538802
4332.0,0.813525,192711.9925315403
4333.0,0.8022050000000001,190166.56892696946
4334.0,0.791149,187679.91545851188
4335.0,0.817271,194015.33379367756
4336.0,0.8225299999999999,195403.30549486962
4337.0,0.7456050000000001,177255.16773008907
4338.0,0.671036,159641.42309315279
4339.0,0.659013,156892.8569731354
4340.0,0.67056,159755.5647517118
4341.0,0.697465,166283.69813990462
4342.0,0.736175,175637.38733592117
4343.0,0.741609,177059.52118609045
4344.0,0.749428,179053.30546352023
4345.0,0.8013359999999999,191590.93600158155
4346.0,0.8189390000000001,195938.36531261518
4347.0,0.789732,189084.10750351092
4348.0,0.78951,189164.67416892268
4349.0,0.831405,199343.41198147857
4350.0,0.808689,194033.80028845716
4351.0,0.703166,168834.05858212142
4352.0,0.6247510000000001,150111.94273790607
4353.0,0.6429729999999999,154599.06230204314
4354.0,0.6829069999999999,164316.53286231475
4355.0,0.6761229999999999,162798.62502478252
4356.0,0.679053,163619.011829709
4357.0,0.717154,172920.83926931574
4358.0,0.717443,173111.88080719835
4359.0,0.6801550000000001,164229.69123798044
4360.0,0.699605,169044.38187764282
4361.0,0.763389,184585.48088338657
4362.0,0.759836,183854.83489134177
4363.0,0.708986,171670.68710833864
4364.0,0.7297739999999999,176827.54468625158
4365.0,0.785233,190398.2116349287
4366.0,0.759944,184394.70764319145
4367.0,0.709163,172192.89112193685
4368.0,0.72823,176945.59330413782
4369.0,0.748251,181936.68425185364
4370.0,0.711001,172999.44670384494
4371.0,0.683074,166319.6411899838
4372.0,0.692841,168814.75199759283
4373.0,0.691535,168613.27382386744
4374.0,0.647705,158035.76184106228
4375.0,0.617935,150876.3601556056
4376.0,0.651512,159184.52725608338
4377.0,0.707138,172894.98152077524
4378.0,0.740596,181200.37948860685
4379.0,0.7511760000000001,183915.66600513947
4380.0,0.750019,183758.87183864735
4381.0,0.751855,184335.4755670565
4382.0,0.727194,178411.83102743825
4383.0,0.674258,165538.01936998786
4384.0,0.647022,158960.32021852836
4385.0,0.651511,160172.96685826936
4386.0,0.685453,168633.04683010635
4387.0,0.71659,176413.9964625174
4388.0,0.733925,180805.24251739265
4389.0,0.719792,177444.7470367981
4390.0,0.693863,171169.51038376652
4391.0,0.70233,173376.4867990131
4392.0,0.733362,181160.46812914708
4393.0,0.741534,183303.98479724073
4394.0,0.712271,176190.1637687547
4395.0,0.6891729999999999,170592.51196058653
4396.0,0.7119979999999999,176362.21713100566
4397.0,0.7501399999999999,185936.1870976271
4398.0,0.751606,186425.96926278438
4399.0,0.7249680000000001,179940.6718280995
4400.0,0.710387,176441.03193667292
4401.0,0.7493770000000001,186251.07220314373
4402.0,0.807792,200905.37822245155
4403.0,0.814013,202589.393403858
4404.0,0.774841,192970.56115304318
4405.0,0.760371,189494.61403243497
4406.0,0.787784,196458.62331740727
4407.0,0.792767,197834.42938954383
4408.0,0.767189,191580.28048694317
4409.0,0.766109,191439.2061181601
4410.0,0.8052010000000001,201342.87475732755
4411.0,0.847772,212130.16225645
4412.0,0.872225,218395.1746438535
4413.0,0.8723559999999999,218574.337318724
4414.0,0.8385020000000001,210232.66113096612
4415.0,0.790464,198320.95490134024
4416.0,0.778335,195408.4101125747
4417.0,0.788115,197995.91230180336
4418.0,0.810415,203734.13476735153
4419.0,0.8635229999999999,217229.94577798096
4420.0,0.895682,225470.0416125975
4421.0,0.873041,219916.90295963112
4422.0,0.8495719999999999,214147.4430347314
4423.0,0.869876,219411.0732163678
4424.0,0.895623,226055.29300939944
4425.0,0.8887149999999999,224460.5183807446
4426.0,0.864409,218466.32313859323
4427.0,0.842339,213029.4549402309
4428.0,0.855377,216469.94338780676
4429.0,0.87569,221757.06920159992
4430.0,0.867943,219940.44322185506
4431.0,0.87845,222749.89431878185
4432.0,0.905621,229791.13656204764
4433.0,0.903412,229381.68225776954
4434.0,0.862324,219093.35349689753
4435.0,0.819472,208342.7827115165
4436.0,0.844199,214770.46045466416
4437.0,0.910851,231879.41140605745
4438.0,0.945047,240742.71518417686
4439.0,0.9403,239690.5110000053
4440.0,0.917255,233969.320464646
4441.0,0.8811620000000001,224910.00174343344
4442.0,0.8384860000000001,214157.2444382937
4443.0,0.812643,207692.33138062176
4444.0,0.8239280000000001,210714.0020428648
4445.0,0.869841,222601.06715721794
4446.0,0.900934,230708.3652633411
4447.0,0.8938389999999999,229040.5751488773
4448.0,0.8867659999999999,227376.0319931635
4449.0,0.885467,227190.57901215416
4450.0,0.872157,223920.91540172222
4451.0,0.877001,225310.74043821119
4452.0,0.9003190000000001,231451.3947068713
4453.0,0.901456,231893.8683919984
4454.0,0.870862,224168.80773469672
4455.0,0.847384,218266.44530083585
4456.0,0.864217,222746.1266097228
4457.0,0.8891879999999999,229330.2548177335
4458.0,0.890811,229897.1048165979
4459.0,0.875323,226045.67759776028
4460.0,0.8640049999999999,223266.63366483123
4461.0,0.8471129999999999,219042.49761617332
4462.0,0.845615,218795.78348415252
4463.0,0.8765270000000001,226939.7482270433
4464.0,0.8915959999999999,230989.4519751553
4465.0,0.8923709999999999,231338.55513126
4466.0,0.8950899999999999,232192.17304527195
4467.0,0.887043,230252.1060768045
4468.0,0.859366,223210.6643830789
4469.0,0.837565,217687.20127023238
4470.0,0.848941,220784.84183080398
4471.0,0.8729819999999999,227182.13220077383
4472.0,0.902488,235010.47681026807
4473.0,0.925131,241060.30135079497
4474.0,0.936726,244237.0119159176
4475.0,0.933464,243541.33777491
4476.0,0.927376,242106.77642638976
4477.0,0.939805,245507.40290926897
4478.0,0.953886,249343.94866938583
4479.0,0.952983,249265.85835742732
4480.0,0.941447,246404.4665321923
4481.0,0.912243,238912.0555899657
4482.0,0.8799610000000001,230603.31446089273
4483.0,0.8943979999999999,234534.8070500524
4484.0,0.929839,243982.33228613745
4485.0,0.94601,248382.07650068647
4486.0,0.944288,248086.23771477822
4487.0,0.933038,245284.9944361984
4488.0,0.913471,240292.17627254484
4489.0,0.886059,233227.89690402098
4490.0,0.883293,232645.90005888903
4491.0,0.91284,240579.0513193589
4492.0,0.933695,246229.72579509762
4493.0,0.923362,243657.35211898744
4494.0,0.8932540000000001,235860.02410613507
4495.0,0.878534,232118.39609964725
4496.0,0.882866,233408.7699627178
4497.0,0.8973549999999999,237387.48969980323
4498.0,0.921565,243944.1731158283
4499.0,0.932729,247053.30315914674
4500.0,0.915015,242512.36114195047
4501.0,0.8858659999999999,234932.96214598007
4502.0,0.899109,238593.3273465467
4503.0,0.943337,250485.5163540573
4504.0,0.966775,256868.4331161585
4505.0,0.965949,256808.19077670018
4506.0,0.954854,254015.82204083382
4507.0,0.945092,251574.59424754593
4508.0,0.942407,251015.11218719452
4509.0,0.952108,253755.8280864634
4510.0,0.96165,256457.3013308452
4511.0,0.953101,254334.3110483275
4512.0,0.937178,250239.51131812896
4513.0,0.928823,248161.44260875604
4514.0,0.92242,246602.44380122615
4515.0,0.916168,245081.69809205568
4516.0,0.922081,246815.08971939527
4517.0,0.919053,246155.66797782862
4518.0,0.906332,242897.48711278065
4519.0,0.915946,245624.5540293779
4520.0,0.929269,249349.97881683407
4521.0,0.922967,247810.56252369413
4522.0,0.8872200000000001,238358.41789106437
4523.0,0.8702559999999999,233943.7810598374
4524.0,0.8894629999999999,239253.0321109698
4525.0,0.90186,242735.64217186873
4526.0,0.906775,244207.27821713817
4527.0,0.890525,239976.98827362646
4528.0,0.8642920000000001,233049.4974711097
4529.0,0.865073,233401.91130996283
4530.0,0.8845870000000001,238811.89492810122
4531.0,0.888759,240083.84802617956
4532.0,0.8822059999999999,238458.19205821396
4533.0,0.844398,228377.08352454656
4534.0,0.8047449999999999,217784.25526792518
4535.0,0.808667,218978.03668063146
4536.0,0.850584,230467.91335562928
4537.0,0.91716,248656.93118030348
4538.0,0.956404,259453.0798402121
4539.0,0.957271,259844.84857480112
4540.0,0.943255,256194.53844174926
4541.0,0.930508,252884.48475003723
4542.0,0.934009,253988.6075315667
4543.0,0.936422,254797.7961234923
4544.0,0.911719,248225.11914790512
4545.0,0.895651,243996.71627062053
4546.0,0.914774,249355.6447466481
4547.0,0.930878,253897.34764719475
4548.0,0.901967,246159.0647684269
4549.0,0.8407459999999999,229588.2000344947
4550.0,0.834303,227964.86090119972
4551.0,0.881086,240891.53339808402
4552.0,0.891863,243983.409753429
4553.0,0.8780309999999999,240342.56662423862
4554.0,0.870662,238467.34330843302
4555.0,0.8759819999999999,240067.1661722834
4556.0,0.8975420000000001,246121.9838573439
4557.0,0.93188,255689.82356105352
4558.0,0.947079,260014.32064736672
4559.0,0.945903,259845.41353990443
4560.0,0.945766,259961.67396006695
4561.0,0.945755,260112.50520080404
4562.0,0.933953,257018.47901080936
4563.0,0.907237,249813.90437281624
4564.0,0.8999879999999999,247964.1415874196
4565.0,0.923338,254547.5758648008
4566.0,0.947179,261274.00019568324
4567.0,0.96063,265140.4207921508
4568.0,0.963187,266002.58360087255
4569.0,0.959685,265191.2439944416
4570.0,0.932541,257841.85977147392
4571.0,0.878072,242923.9978337116
4572.0,0.865137,239485.79792911973
4573.0,0.913628,253057.17199380416
4574.0,0.949901,263258.1054618416
4575.0,0.949137,263200.2233220848
4576.0,0.9357,259625.71647407216
4577.0,0.929593,258081.83514267724
4578.0,0.934988,259731.08606280945
4579.0,0.934008,259610.09614505328
4580.0,0.920922,256121.89348421356
4581.0,0.919613,255906.6775935956
4582.0,0.920905,256415.21698165036
4583.0,0.903264,251649.40037606948
4584.0,0.90066,251069.57953853067
4585.0,0.924068,257744.2348967119
4586.0,0.941718,262819.4468250988
4587.0,0.952202,265899.2416108985
4588.0,0.95203,266005.0092648969
4589.0,0.938045,262248.9837588403
4590.0,0.926498,259170.38577067867
4591.0,0.925994,259178.87352241253
4592.0,0.9186,257257.58659463833
4593.0,0.918764,257451.74108735519
4594.0,0.93641,262547.45232066204
4595.0,0.953667,267539.685010537
4596.0,0.962674,270221.67345576076
4597.0,0.963503,270609.6486120701
4598.0,0.962364,270444.7988401119
4599.0,0.96059,270100.9891216249
4600.0,0.945943,266134.8320895852
4601.0,0.927085,260978.50200872147
4602.0,0.913343,257257.06017113515
4603.0,0.912225,257088.92970911306
4604.0,0.93184,262766.83727334905
4605.0,0.945028,266637.64840604144
4606.0,0.947479,267481.510543754
4607.0,0.952819,269142.17250589275
4608.0,0.963335,272267.4013194428
4609.0,0.971151,274632.4311916928
4610.0,0.967692,273809.65302200825
4611.0,0.956739,270864.08112637536
4612.0,0.952583,269840.35174086737
4613.0,0.952792,270052.4295912276
4614.0,0.958345,271780.0533174975
4615.0,0.958837,272073.3386907447
4616.0,0.946487,268720.71759935905
4617.0,0.946069,268753.6662942726
4618.0,0.95154,270460.29391658213
4619.0,0.950532,270326.0395643714
4620.0,0.954761,271681.6315926591
4621.0,0.964643,274648.02649553923
4622.0,0.971091,276639.28113644
4623.0,0.972665,277243.2958217644
4624.0,0.970001,276639.114621137
4625.0,0.959937,273922.4130673601
4626.0,0.953848,272337.369263545
4627.0,0.954281,272613.5025802919
4628.0,0.942159,269301.08437250095
4629.0,0.923705,264173.83763595275
4630.0,0.933295,267065.5401957249
4631.0,0.958569,274450.7952657693
4632.0,0.960488,275153.50577397784
4633.0,0.950653,272487.70985933795
4634.0,0.953227,273377.5295756672
4635.0,0.955389,274149.9020125767
4636.0,0.947279,271973.72047699045
4637.0,0.943679,271090.49659422773
4638.0,0.950601,273230.4106644714
4639.0,0.959118,275831.1887244488
4640.0,0.9671,278280.68918550306
4641.0,0.975844,280952.07037331216
4642.0,0.976494,281294.5835721266
4643.0,0.973682,280639.42287395813
4644.0,0.970471,279868.2565646462
4645.0,0.955545,275715.74301659904
4646.0,0.934175,269698.04461265396
4647.0,0.930072,268661.2685406912
4648.0,0.941204,272026.35760565737
4649.0,0.955259,276240.20583667146
4650.0,0.95955,277633.3841330152
4651.0,0.945182,273626.1774026534
4652.0,0.933525,270399.6192278213
4653.0,0.933569,270560.420177432
4654.0,0.922353,267456.1109085482
4655.0,0.909687,263927.51291989675
4656.0,0.903103,262160.3912974494
4657.0,0.909454,264148.0703803592
4658.0,0.941646,273647.2468972839
4659.0,0.970827,282281.08269831934
4660.0,0.979798,285044.5798125271
4661.0,0.974968,283793.6735365168
4662.0,0.963217,280525.53273543954
4663.0,0.957321,278959.7537722708
4664.0,0.963693,280968.8524459141
4665.0,0.966812,282030.97799080587
4666.0,0.947582,276571.0327953069
4667.0,0.912788,266559.8400300521
4668.0,0.901369,263367.46474561456
4669.0,0.915071,267515.41127221374
4670.0,0.923913,270246.07899480325
4671.0,0.939674,275004.40102356375
4672.0,0.955867,279894.1445881085
4673.0,0.956709,280291.492534001
4674.0,0.956605,280411.75557321694
4675.0,0.959238,281334.672617194
4676.0,0.961151,282047.08956934395
4677.0,0.958255,281348.116558074
4678.0,0.948352,278589.793916999
4679.0,0.938201,275755.41573465674
4680.0,0.932129,274117.3359012194
4681.0,0.921905,271255.64113052026
4682.0,0.914404,269192.3126814622
4683.0,0.929871,273891.76241262327
4684.0,0.948546,279541.43956546846
4685.0,0.957311,282274.85028791666
4686.0,0.961338,283613.16419288
4687.0,0.962275,284040.5996432133
4688.0,0.966394,285408.0302796195
4689.0,0.968693,286238.91287242464
4690.0,0.960645,284011.41234283976
4691.0,0.949944,280996.5741329463
4692.0,0.951898,281723.70774940815
4693.0,0.959218,284040.3669575313
4694.0,0.960739,284641.18197811424
4695.0,0.960277,284654.6043496011
4696.0,0.956429,283663.59258712415
4697.0,0.948953,281594.7461205477
4698.0,0.944487,280417.17868551216
4699.0,0.949597,282082.76760457386
4700.0,0.960042,285335.5286242993
4701.0,0.961487,285915.1948316856
4702.0,0.947882,282017.52875963587
4703.0,0.933382,277849.14201405825
4704.0,0.939021,279674.300987689
4705.0,0.95024,283163.96701115195
4706.0,0.945814,281992.5584002075
4707.0,0.929543,277286.31089588895
4708.0,0.91847,274126.3366434248
4709.0,0.919127,274465.6244895439
4710.0,0.931055,278172.5208339322
4711.0,0.947568,283253.66411193926
4712.0,0.954932,285603.5921886235
4713.0,0.943719,282396.813749702
4714.0,0.921839,275992.8639860199
4715.0,0.918865,275245.3393585625
4716.0,0.942949,282606.25199530425
4717.0,0.964019,289070.8228191014
4718.0,0.968246,290488.7302425589
4719.0,0.965425,289792.29680237337
4720.0,0.964966,289804.30661894294
4721.0,0.9632,289423.3944834396
4722.0,0.958463,288148.69350447913
4723.0,0.96216,289409.34642032295
4724.0,0.971432,292348.870644454
4725.0,0.976002,293875.43955818965
4726.0,0.972302,292911.98442180624
4727.0,0.961953,289943.24972460134
4728.0,0.955692,288204.0605302586
4729.0,0.959669,289551.8979283011
4730.0,0.961793,290341.5401324227
4731.0,0.95381,288079.17169668106
4732.0,0.945349,285669.83964430355
4733.0,0.938328,283693.2099079232
4734.0,0.937434,283567.7384250787
4735.0,0.93942,284313.56687409285
4736.0,0.92665,280591.8067483741
4737.0,0.926302,280629.3827959724
4738.0,0.953481,289010.53706140164
4739.0,0.972103,294804.9844658436
4740.0,0.971294,294709.3811667364
4741.0,0.966177,293305.6818039698
4742.0,0.96787,293968.73779975635
4743.0,0.974485,296127.9679018253
4744.0,0.977893,297314.14077816776
4745.0,0.978319,297594.2172840541
4746.0,0.980891,298527.4924132168
4747.0,0.986053,300250.1527627888
4748.0,0.988419,301122.5436572635
4749.0,0.986932,300821.1969203767
4750.0,0.985859,300645.5921794867
4751.0,0.985201,300596.2254592191
4752.0,0.981139,299507.48063707165
4753.0,0.970872,296522.31329007697
4754.0,0.961762,293887.4890862778
4755.0,0.967566,295809.40486827184
4756.0,0.975072,298253.6528163657
4757.0,0.976834,298942.301320328
4758.0,0.978693,299661.13609583036
4759.0,0.98115,300563.6767671056
4760.0,0.980613,300549.28109944105
4761.0,0.966946,296508.4281083799
4762.0,0.938878,288045.1532573425
4763.0,0.918758,282012.88085990027
4764.0,0.920656,282736.19908005634
4765.0,0.938161,288255.38744159124
4766.0,0.956612,294070.68087856995
4767.0,0.970297,298425.72012003884
4768.0,0.977636,300832.1318110203
4769.0,0.981914,302298.35003167205
4770.0,0.984233,303162.4097635052
4771.0,0.975685,300678.2232563667
4772.0,0.95821,295438.96952930687
4773.0,0.953009,293980.5731631627
4774.0,0.966252,298212.8826921955
4775.0,0.972544,300302.83648096083
4776.0,0.97411,300934.6344031532
4777.0,0.982207,303585.4887059756
4778.0,0.983257,304059.55714427354
4779.0,0.969067,299818.79928875365
4780.0,0.956825,296176.6595195623
4781.0,0.964603,298730.799868301
4782.0,0.968213,299995.8151653877
4783.0,0.957004,296668.03171260894
4784.0,0.958894,297399.4256603227
4785.0,0.969428,300813.5726685911
4786.0,0.962692,298869.3591716465
4787.0,0.957162,297297.636398345
4788.0,0.960427,298457.27155487065
4789.0,0.956792,297472.5884587587
4790.0,0.961226,298996.67411345674
4791.0,0.972772,302735.3656141922
4792.0,0.974419,303395.340777373
4793.0,0.975253,303802.4998401743
4794.0,0.979928,305406.9517072519
4795.0,0.982783,306445.2597738398
4796.0,0.981907,306320.43365978467
4797.0,0.972584,303558.844523707
4798.0,0.956028,298535.7592929577
4799.0,0.953736,297963.9474235827
4800.0,0.968887,302843.521029292
4801.0,0.980945,306760.3678869192
4802.0,0.983998,307863.39976208704
4803.0,0.976968,305811.108388953
4804.0,0.957366,299819.45468174736
4805.0,0.940282,294610.7870449914
4806.0,0.94752,297021.19374148385
4807.0,0.965629,302843.11535809207
4808.0,0.977532,306723.152858768
4809.0,0.979695,307549.099629017
4810.0,0.974282,305996.2184343429
4811.0,0.971019,305117.23551613506
4812.0,0.974747,306435.00411607715
4813.0,0.977243,307366.3417326261
4814.0,0.973394,306301.7651308301
4815.0,0.971156,305743.1586146249
4816.0,0.976426,307548.64801622543
4817.0,0.981152,309184.2328254272
4818.0,0.981819,309541.48137590167
4819.0,0.980072,309137.44072749553
4820.0,0.977293,308407.14851230936
4821.0,0.975312,307927.9139145319
4822.0,0.962313,303967.7515981875
4823.0,0.933903,295133.43806369475
4824.0,0.924106,292175.467044471
4825.0,0.944154,298655.0942122553
4826.0,0.964197,305139.07160700345
4827.0,0.972801,308007.1730069139
4828.0,0.971775,307827.3082810671
4829.0,0.968899,307060.7832643831
4830.0,0.969942,307535.92621010245
4831.0,0.96711,306782.1133594182
4832.0,0.963006,305623.7120400148
4833.0,0.964848,306351.96468589955
4834.0,0.968468,307645.5116833524
4835.0,0.969182,308016.5204090663
4836.0,0.970723,308650.63654656673
4837.0,0.975157,310205.44029885135
4838.0,0.973341,309772.39909175906
4839.0,0.961446,306129.5527590934
4840.0,0.94959,302495.5395458858
4841.0,0.94889,302413.3919711851
4842.0,0.955729,304734.79490309465
4843.0,0.959573,306102.7678575222
4844.0,0.966465,308444.58399630646
4845.0,0.972902,310643.105913043
4846.0,0.970618,310057.61016134894
4847.0,0.963673,307981.7634091772
4848.0,0.952957,304698.0646523926
4849.0,0.949526,303741.5177924463
4850.0,0.960862,307509.8616999644
4851.0,0.966559,309475.9867405872
4852.0,0.965226,309191.81062692706
4853.0,0.964711,309169.3340463122
4854.0,0.951915,305209.0349133289
4855.0,0.933264,299366.76910545886
4856.0,0.937292,300797.1206619007
4857.0,0.954504,306461.57649419946
4858.0,0.953075,306143.25616547995
4859.0,0.91831,295111.47738688876
4860.0,0.851916,273900.3301106374
4861.0,0.794586,255585.08751212116
4862.0,0.828125,266495.04930525745
4863.0,0.909977,292969.3183915463
4864.0,0.944722,304294.4677415827
4865.0,0.94363,304081.42878142506
4866.0,0.944622,304539.8791721444
4867.0,0.95493,308003.3482063834
4868.0,0.964391,311196.46999340144
4869.0,0.967473,312332.9533417983
4870.0,0.947502,306024.61370319093
4871.0,0.907264,293161.5428668405
4872.0,0.898041,290312.95098000264
4873.0,0.930179,300838.57983623917
4874.0,0.952788,308290.3000304648
4875.0,0.952826,308442.05789354525
4876.0,0.949223,307414.5969873299
4877.0,0.944357,305976.80476785696
4878.0,0.936905,303699.27537139424
4879.0,0.950913,308378.93956897454
4880.0,0.969014,314390.5864752242
4881.0,0.962158,312306.67247357295
4882.0,0.949172,308230.0674963358
4883.0,0.941946,306020.93248049845
4884.0,0.938482,305032.3846334567
4885.0,0.94559,307480.4994869308
4886.0,0.954095,310385.0977463186
4887.0,0.95805,311811.2510630087
4888.0,0.954567,310816.60903029266
4889.0,0.940833,306481.57376167906
4890.0,0.914051,297890.1280695345
4891.0,0.892508,290998.9937761016
4892.0,0.920458,300245.7466186652
4893.0,0.965652,315127.91768464795
4894.0,0.98491,321555.51435479126
4895.0,0.989631,323240.4600867572
4896.0,0.991109,323866.991381831
4897.0,0.990616,323849.5354090766
4898.0,0.983231,321577.7613840236
4899.0,0.960224,314192.15545381163
4900.0,0.94066,307926.8971928313
4901.0,0.951706,311680.5893101332
4902.0,0.960931,314840.7839145413
4903.0,0.950383,311522.2739065725
4904.0,0.950945,311843.96273394616
4905.0,0.968135,317620.9869884343
4906.0,0.980063,321675.8260012327
4907.0,0.980001,321796.96494223125
4908.0,0.97534,320407.2148868736
4909.0,0.9648,317083.9104142229
4910.0,0.948482,311857.71780239564
4911.0,0.944411,310655.2984670942
4912.0,0.956584,314797.3005177446
4913.0,0.965874,317993.58182367234
4914.0,0.9709,319788.03133749944
4915.0,0.980795,323188.2824196899
4916.0,0.98681,325312.2353232741
4917.0,0.978004,322549.8271877549
4918.0,0.949409,313255.4873013224
4919.0,0.911874,301001.85386169574
4920.0,0.886393,292718.0368287445
4921.0,0.893294,295125.16713991977
4922.0,0.92562,305937.7415446939
4923.0,0.930925,307824.6198635095
4924.0,0.918035,303693.89661455865
4925.0,0.936542,309950.31693181605
4926.0,0.967633,320378.4778122075
4927.0,0.980333,324723.6769253661
4928.0,0.983102,325781.50095027336
4929.0,0.985663,326771.09703559615
4930.0,0.985012,326696.0475370594
4931.0,0.981638,325717.2304620291
4932.0,0.969851,321944.6685435973
4933.0,0.933644,310058.90861839795
4934.0,0.904083,300370.81032253493
4935.0,0.926275,307875.9191974057
4936.0,0.955328,317668.7377457161
4937.0,0.953421,317170.44532053644
4938.0,0.926293,308277.7956542698
4939.0,0.900492,299819.1871516847
4940.0,0.91556,304966.34251897625
4941.0,0.953654,317790.79207189265
4942.0,0.97484,324989.27310193586
4943.0,0.982565,327704.2118078517
4944.0,0.986477,329149.031698495
4945.0,0.983743,328376.44335303426
4946.0,0.976884,326225.4923379151
4947.0,0.978731,326981.09164579696
4948.0,0.986197,329615.1814148353
4949.0,0.987373,330148.13466508436
4950.0,0.984788,329423.2579164359
4951.0,0.985918,329940.8225862623
4952.0,0.988298,330877.1366497155
4953.0,0.988843,331199.45160751784
4954.0,0.989349,331508.7882912885
4955.0,0.983296,329619.50213796407
4956.0,0.949113,318294.7583196857
4957.0,0.8924639999999999,299422.9246736125
4958.0,0.889998,298721.1602870259
4959.0,0.942556,316494.7958417067
4960.0,0.977602,328400.4815897
4961.0,0.986004,331361.8549779642
4962.0,0.987162,331890.0528992739
4963.0,0.989138,332693.6441834174
4964.0,0.986284,331872.491014703
4965.0,0.974362,327997.92383508506
4966.0,0.966106,325354.5350518069
4967.0,0.971064,327160.6842314014
4968.0,0.976825,329238.8137485849
4969.0,0.978057,329791.3619322924
4970.0,0.976352,329353.45150363294
4971.0,0.976705,329609.51355905307
4972.0,0.98053,331037.7959734911
4973.0,0.983135,332055.02947718714
4974.0,0.985412,332962.0996778371
4975.0,0.986784,333563.8242429814
4976.0,0.986585,333634.60079631186
4977.0,0.985327,333346.985128992
4978.0,0.979559,331532.53937466483
4979.0,0.971097,328804.25369668315
4980.0,0.957715,324406.98707915883
4981.0,0.928551,314657.8771999363
4982.0,0.903766,306385.08742023277
4983.0,0.907814,307883.99953836197
4984.0,0.92265,313044.22088879516
4985.0,0.935508,317537.1284852688
4986.0,0.952191,323332.3987926968
4987.0,0.970614,329723.3395681663
4988.0,0.977668,332255.6447325244
4989.0,0.973037,330817.13267046114
4990.0,0.954225,324553.98222099856
4991.0,0.936089,318515.5571095666
4992.0,0.943859,321290.45749302796
4993.0,0.945513,321984.71149328037
4994.0,0.935691,318769.73580613564
4995.0,0.950884,324077.51251087134
4996.0,0.967762,329963.9482962539
4997.0,0.968053,330197.26704038144
4998.0,0.960449,327736.569753636
4999.0,0.941796,321501.89421036094
5000.0,0.934659,319194.8160004859
5001.0,0.943148,322224.2871801046
5002.0,0.950538,324880.4192714793
5003.0,0.961019,328595.4165023785
5004.0,0.959935,328357.2967149399
5005.0,0.928144,317610.87778195564
5006.0,0.895291,306492.0620605262
5007.0,0.904739,309851.1939302018
5008.0,0.942741,322995.85700455616
5009.0,0.964863,330708.03604727646
5010.0,0.961124,329558.7910092771
5011.0,0.938097,321792.15640921716
5012.0,0.905492,310732.2984783563
5013.0,0.884165,303535.168348062
5014.0,0.873951,300148.75340875686
5015.0,0.897971,308521.461179199
5016.0,0.93115,320048.7747460844
5017.0,0.930697,320020.7463709939
5018.0,0.909389,312818.66646011145
5019.0,0.913272,314279.53067034465
5020.0,0.93762,322786.714026627
5021.0,0.948353,326611.5145262277
5022.0,0.939668,323748.9982700668
5023.0,0.93872,323550.7714026478
5024.0,0.95023,327647.85201998404
5025.0,0.956584,329969.47460705624
5026.0,0.963293,332415.2723401348
5027.0,0.966136,333528.2210996197
5028.0,0.967166,334015.75121992815
5029.0,0.969695,335021.38826408185
5030.0,0.961063,332170.09688624175
5031.0,0.954089,329889.6643282107
5032.0,0.967301,334589.6084792106
5033.0,0.978536,338608.96994246315
5034.0,0.971032,336144.3988075306
5035.0,0.949489,328815.89852239017
5036.0,0.935233,324006.01561259694
5037.0,0.941493,326302.6302640004
5038.0,0.943638,327174.14531118027
5039.0,0.924741,320747.73040666315
5040.0,0.8832049999999999,306460.68592350825
5041.0,0.8490049999999999,294708.8092235707
5042.0,0.8758100000000001,304132.0833550373
5043.0,0.935361,324938.30521811976
5044.0,0.964512,335195.7104850179
5045.0,0.9734,338416.22084389155
5046.0,0.979922,340816.17523158883
5047.0,0.979343,340747.1430932381
5048.0,0.965081,335915.2523415025
5049.0,0.940438,327464.73276575125
5050.0,0.921948,321150.8291144104
5051.0,0.911882,317767.4209075615
5052.0,0.918297,320126.6616374159
5053.0,0.950408,331448.88845075865
5054.0,0.97607,340529.7825627346
5055.0,0.981471,342546.1655534493
5056.0,0.978632,341686.9584553962
5057.0,0.979678,342183.8807279529
5058.0,0.979066,342101.6841721047
5059.0,0.967705,338261.9353096718
5060.0,0.958787,335273.34881010745
5061.0,0.967211,338348.86484144523
5062.0,0.97442,341001.3807105352
5063.0,0.962526,336968.0460026924
5064.0,0.934452,327264.87846538046
5065.0,0.925003,324079.4895605497
5066.0,0.946574,331763.6722811194
5067.0,0.958295,335999.9281645167
5068.0,0.950623,333437.03465793806
5069.0,0.945676,331828.1995067944
5070.0,0.956085,335608.29371858406
5071.0,0.964411,338659.64092820976
5072.0,0.959669,337122.4805340422
5073.0,0.956114,336001.128408461
5074.0,0.958563,336989.51003035717
5075.0,0.959123,337314.1347216095
5076.0,0.959466,337562.4960645004
5077.0,0.959452,337685.2333997004
5078.0,0.942667,331903.0096320563
5079.0,0.8995340000000001,316835.90455212956
5080.0,0.8811709999999999,310485.1095446681
5081.0,0.910021,320771.3862348475
5082.0,0.926299,326632.11243719514
5083.0,0.914151,322469.72954607004
5084.0,0.925035,326431.7269885156
5085.0,0.952915,336396.44392607326
5086.0,0.957252,338054.25248328014
5087.0,0.94731,334668.6130099301
5088.0,0.949891,335706.09694173385
5089.0,0.958922,339024.5790547158
5090.0,0.963122,340636.75452349504
5091.0,0.963438,340875.7670084511
5092.0,0.962058,340514.5065621148
5093.0,0.964715,341582.2182452761
5094.0,0.967589,342727.42614916316
5095.0,0.964584,341790.1622086099
5096.0,0.958537,339773.73723516683
5097.0,0.945924,335427.3299476802
5098.0,0.927543,329031.42766392214
5099.0,0.923602,327754.8880914251
5100.0,0.939514,333525.01015055284
5101.0,0.954703,339042.4899282126
5102.0,0.959911,341018.0415748357
5103.0,0.956845,340054.38523900043
5104.0,0.952674,338697.00455925765
5105.0,0.941748,334936.0230026892
5106.0,0.916249,325987.2624306641
5107.0,0.881466,313727.437268941
5108.0,0.880234,313404.15555579704
5109.0,0.903204,321700.6902915664
5110.0,0.899241,320406.7266564436
5111.0,0.908445,323804.89085811726
5112.0,0.941083,335561.2387404932
5113.0,0.95698,341354.5319918112
5114.0,0.956737,341392.6666798077
5115.0,0.955996,341252.90378942195
5116.0,0.957039,341749.930117098
5117.0,0.959405,342719.76390504686
5118.0,0.960197,343127.67475778976
5119.0,0.957219,342188.01857818424
5120.0,0.954623,341384.12731277454
5121.0,0.949911,339822.51242931245
5122.0,0.933121,333937.23591620394
5123.0,0.902327,323034.084762674
5124.0,0.893075,319837.7317167144
5125.0,0.910577,326223.8177193916
5126.0,0.912449,327012.73867624893
5127.0,0.893016,320163.81779200956
5128.0,0.882184,316394.5415703655
5129.0,0.889841,319255.85500803264
5130.0,0.911681,327209.476097895
5131.0,0.92988,333861.42514300277
5132.0,0.936878,336494.98934561433
5133.0,0.9402,337809.5242654408
5134.0,0.945314,339768.9381348852
5135.0,0.953116,342696.08334870357
5136.0,0.945801,340187.8552545982
5137.0,0.927733,333808.62568996474
5138.0,0.911607,328123.6792186776
5139.0,0.8925649999999999,321384.5565014711
5140.0,0.899366,323949.0449809907
5141.0,0.912646,328849.76776351075
5142.0,0.8952120000000001,322682.8503181535
5143.0,0.890697,321169.7561711184
5144.0,0.91793,331107.2863614759
5145.0,0.934176,337087.1988639145
5146.0,0.932573,336628.30580734566
5147.0,0.927826,335033.6512331742
5148.0,0.929308,335687.7745935402
5149.0,0.933209,337216.3194637569
5150.0,0.912946,330011.0113727564
5151.0,0.881484,318750.81913205073
5152.0,0.881503,318870.29580393323
5153.0,0.8999889999999999,325672.22785215755
5154.0,0.909447,329210.7678750705
5155.0,0.924209,334672.3270692395
5156.0,0.941285,340975.8187813716
5157.0,0.949436,344049.420470741
5158.0,0.949424,344165.9444553244
5159.0,0.947372,343542.6379237716
5160.0,0.944571,342647.0381825883
5161.0,0.93264,338437.5524614922
5162.0,0.912611,331285.3267063009
5163.0,0.892387,324057.1368689132
5164.0,0.8665860000000001,314797.83650386875
5165.0,0.842412,306123.1619431182
5166.0,0.819232,297803.6319559486
5167.0,0.788054,286569.75803284685
5168.0,0.789385,287153.69362918206
5169.0,0.836169,304278.0462704207
5170.0,0.895961,326149.3690113094
5171.0,0.896166,326337.2439802966
5172.0,0.8491200000000001,309312.77102893323
5173.0,0.8469899999999999,308643.7796454551
5174.0,0.90529,330002.5493469376
5175.0,0.961779,350715.572325411
5176.0,0.983589,358792.5956350202
5177.0,0.988914,360859.5849461518
5178.0,0.992163,362170.03943510697
5179.0,0.993231,362684.83304395765
5180.0,0.992135,362409.3522568349
5181.0,0.98569,360178.95681383315
5182.0,0.954946,349064.77165754
5183.0,0.896015,327635.96720560145
5184.0,0.880619,322116.7360228827
5185.0,0.920335,336759.6009100685
5186.0,0.947799,346927.69133344427
5187.0,0.955021,349690.7755633322
5188.0,0.938741,343847.15793143876
5189.0,0.932283,341598.28259026614
5190.0,0.945922,346713.9883044654
5191.0,0.924308,338907.1540536833
5192.0,0.8854360000000001,324764.873963386
5193.0,0.8883129999999999,325930.95309610886
5194.0,0.91085,334313.58805617655
5195.0,0.917211,336762.6058241875
5196.0,0.934741,343315.3357656822
5197.0,0.947998,348302.42698249884
5198.0,0.945891,347645.97445566574
5199.0,0.949059,348928.3201522001
5200.0,0.954437,351024.1809594481
5201.0,0.954877,351304.59034753504
5202.0,0.948344,349018.7679960679
5203.0,0.934498,344038.9466532138
5204.0,0.8973620000000001,330478.43476246076
5205.0,0.8621690000000001,317624.45676758414
5206.0,0.873341,321848.37984785874
5207.0,0.903995,333257.02847216476
5208.0,0.900467,332067.8012229899
5209.0,0.899975,331997.6052839291
5210.0,0.91913,339177.35784144123
5211.0,0.939297,346735.3472424701
5212.0,0.964948,356323.30518475594
5213.0,0.982439,362903.29660948546
5214.0,0.977568,361224.46978066297
5215.0,0.948741,350689.357594157
5216.0,0.922928,341261.5325629356
5217.0,0.931191,344431.4086752095
5218.0,0.959696,355092.90226609475
5219.0,0.97715,361671.0424218641
5220.0,0.981396,363363.119770746
5221.0,0.984108,364488.01371832675
5222.0,0.986482,365488.27286468324
5223.0,0.984518,364881.2954102197
5224.0,0.967509,358695.95492631226
5225.0,0.921288,341672.69356534135
5226.0,0.853234,316538.301815905
5227.0,0.830995,308389.54791910667
5228.0,0.8946790000000001,332132.576505875
5229.0,0.95288,353854.9705769653
5230.0,0.968479,359765.9206821541
5231.0,0.972892,361523.9202382887
5232.0,0.956323,355483.51443510654
5233.0,0.93286,346875.52800278744
5234.0,0.934743,347689.52346573194
5235.0,0.952963,354582.65093962057
5236.0,0.97352,362349.9865566109
5237.0,0.983212,366076.9101538616
5238.0,0.98357,366329.6772954135
5239.0,0.977803,364300.4649370665
5240.0,0.975176,363440.0325902267
5241.0,0.981732,366002.4325081967
5242.0,0.984178,367033.58976676984
5243.0,0.985198,367533.29003124544
5244.0,0.988917,369040.36714509845
5245.0,0.984686,367580.5579894179
5246.0,0.964038,359989.2476463224
5247.0,0.94276,352157.54615449626
5248.0,0.948308,354344.4290721302
5249.0,0.951444,355631.02285602037
5250.0,0.933384,348993.0995844239
5251.0,0.938389,350977.55637279944
5252.0,0.963341,360426.1564049539
5253.0,0.971128,363456.4829160453
5254.0,0.9565,358096.8283166562
5255.0,0.943437,353319.6814607879
5256.0,0.959705,359527.3866516352
5257.0,0.982509,368188.24758390407
5258.0,0.990055,371134.85210005764
5259.0,0.988655,370728.59745653137
5260.0,0.981901,368313.63430000737
5261.0,0.96072,360483.64658678573
5262.0,0.931559,349653.2858072186
5263.0,0.915413,343702.51121147175
5264.0,0.907831,340964.28475078166
5265.0,0.902267,338982.3426015315
5266.0,0.903875,339694.3860033956
5267.0,0.926294,348230.4210801871
5268.0,0.928532,349182.4958293005
5269.0,0.8719110000000001,327993.584364075
5270.0,0.8390190000000001,315720.2667787868
5271.0,0.893028,336149.97639146115
5272.0,0.944596,355673.3502032161
5273.0,0.945116,355981.4962501737
5274.0,0.944976,356041.02554909856
5275.0,0.948315,357411.6559114843
5276.0,0.949034,357795.2421216514
5277.0,0.96772,364954.7959390742
5278.0,0.986821,372275.26501185674
5279.0,0.990882,373924.6098918705
5280.0,0.983163,371128.08345157566
5281.0,0.966301,364877.2415300221
5282.0,0.950595,359058.9846083322
5283.0,0.940737,355446.5437867467
5284.0,0.943873,356742.87031549955
5285.0,0.969134,366404.76276335417
5286.0,0.989326,374155.48448569933
5287.0,0.993699,375926.4040424101
5288.0,0.99188,375355.0540023753
5289.0,0.990339,374888.4372035673
5290.0,0.99052,375073.4417343232
5291.0,0.990932,375345.9130551951
5292.0,0.988975,374720.79731630033
5293.0,0.986199,373784.73427068244
5294.0,0.987405,374357.6528490568
5295.0,0.984628,373420.2273480947
5296.0,0.967906,367191.80144059996
5297.0,0.947266,359472.56674181204
5298.0,0.942123,357631.11087727326
5299.0,0.959161,364210.9112134695
5300.0,0.973738,369859.84871231415
5301.0,0.968448,367963.61533850926
5302.0,0.960798,365169.1124167368
5303.0,0.969843,368719.94416536187
5304.0,0.986075,375006.04091803613
5305.0,0.991108,377035.54260333703
5306.0,0.981847,373626.78007256385
5307.0,0.968115,368513.89809210843
5308.0,0.971152,369782.83490751387
5309.0,0.985702,375437.51511203096
5310.0,0.992398,378103.1309951795
5311.0,0.992798,378370.7233826581
5312.0,0.992835,378499.9469429313
5313.0,0.991788,378215.7239422709
5314.0,0.989323,377390.2690749998
5315.0,0.978459,373359.2881054815
5316.0,0.953817,364066.7325992631
5317.0,0.947442,361742.9326471128
5318.0,0.968892,370044.66840260144
5319.0,0.981176,374849.4965372808
5320.0,0.981221,374979.87367872597
5321.0,0.981144,375063.5502043868
5322.0,0.978198,374050.06720707467
5323.0,0.96511,369156.49682156794
5324.0,0.948334,362848.7495650881
5325.0,0.953345,364875.65442243876
5326.0,0.958665,367021.93906112725
5327.0,0.913713,349917.1209719879
5328.0,0.8506309999999999,325856.7374879831
5329.0,0.874978,335283.83766829176
5330.0,0.946897,362951.0756553046
5331.0,0.976946,374580.91309868515
5332.0,0.969036,371658.9623125619
5333.0,0.959839,368241.3720785264
5334.0,0.970389,372399.7822366068
5335.0,0.976698,374932.5050464356
5336.0,0.962883,369739.14459687035
5337.0,0.954853,366764.6109386951
5338.0,0.967135,371592.4470626746
5339.0,0.962536,369935.0713527171
5340.0,0.933471,358870.6806250313
5341.0,0.925448,355891.54405395035
5342.0,0.956545,367959.0008227868
5343.0,0.985041,379032.61863255466
5344.0,0.987204,379977.00511926564
5345.0,0.970101,373504.09592728066
5346.0,0.959191,369412.33781560714
5347.0,0.963663,371243.8321983728
5348.0,0.960427,370105.9457155626
5349.0,0.960471,370231.59158384334
5350.0,0.974397,375709.82234996604
5351.0,0.987268,380784.21996634034
5352.0,0.988073,381206.29386894096
5353.0,0.981605,378821.67362911924
5354.0,0.982584,379310.3108684118
5355.0,0.990564,382502.50389025424
5356.0,0.994119,383987.2249104488
5357.0,0.993719,383944.57244150667
5358.0,0.994048,384183.50143092417
5359.0,0.994438,384446.01148986496
5360.0,0.992574,383836.89270143595
5361.0,0.986658,381659.882016602
5362.0,0.976822,377964.6913561192
5363.0,0.970884,375775.92253164586
5364.0,0.969645,375405.000702799
5365.0,0.966669,374361.04141550144
5366.0,0.968805,375296.63431506685
5367.0,0.970684,376133.045877182
5368.0,0.971691,376631.81269309274
5369.0,0.965053,374166.6407191282
5370.0,0.937475,363578.80112693686
5371.0,0.905196,351161.0362911791
5372.0,0.915836,355390.75295228884
5373.0,0.96154,373233.2824486454
5374.0,0.987684,383491.28831638914
5375.0,0.993721,385945.7890230467
5376.0,0.993523,385979.2864771833
5377.0,0.992344,385631.44141318114
5378.0,0.991263,385321.3535627179
5379.0,0.985705,383270.1655425761
5380.0,0.971621,377901.57410054415
5381.0,0.960037,373502.41356450634
5382.0,0.961076,374012.9906706358
5383.0,0.962047,374497.25417005835
5384.0,0.970377,377847.11972350633
5385.0,0.984908,383613.99316222896
5386.0,0.990862,386042.3788212552
5387.0,0.991498,386399.50989804097
5388.0,0.990081,385956.39907895075
5389.0,0.987128,384913.9633785798
5390.0,0.986131,384633.7269676429
5391.0,0.984241,384004.78935099783
5392.0,0.973272,379832.16246251797
5393.0,0.956684,373463.5457919601
5394.0,0.950398,371113.9666882456
5395.0,0.949548,370886.1960463921
5396.0,0.929418,363125.4329873604
5397.0,0.907402,354623.11789430765
5398.0,0.933621,364971.98373815516
5399.0,0.971398,379846.04366327624
5400.0,0.982325,384226.19211679936
5401.0,0.983422,384762.6776891428
5402.0,0.981655,384178.47875169397
5403.0,0.967282,378658.98641866504
5404.0,0.9418,368786.2686553128
5405.0,0.914581,358227.5699593568
5406.0,0.912663,357575.64809002803
5407.0,0.947718,371413.0503300805
5408.0,0.967966,379453.49321829417
5409.0,0.952919,373658.3941525178
5410.0,0.938739,368200.01713571325
5411.0,0.95433,374418.7496899094
5412.0,0.977516,383621.4109953486
5413.0,0.984646,386526.1835005253
5414.0,0.975962,383222.87302694074
5415.0,0.966941,379785.24568918
5416.0,0.974109,382705.89431341493
5417.0,0.981828,385844.5526322566
5418.0,0.972492,382280.5877298099
5419.0,0.964945,379417.97201330715
5420.0,0.974286,383195.86498604075
5421.0,0.984791,387433.633721179
5422.0,0.986257,388116.5190494175
5423.0,0.975009,383795.0038533299
5424.0,0.960848,378324.03206360975
5425.0,0.965139,380117.21143298177
5426.0,0.980548,386291.2236638907
5427.0,0.987199,389017.2748993872
5428.0,0.969962,382328.77199907805
5429.0,0.927748,365788.6731799824
5430.0,0.915595,361095.0104739998
5431.0,0.949491,374564.5399411088
5432.0,0.964657,380650.44733692677
5433.0,0.947182,373856.0054875039
5434.0,0.919431,363000.6917128745
5435.0,0.921575,363945.42474694084
5436.0,0.954398,377009.46475783136
5437.0,0.977906,386399.7896316905
5438.0,0.98827,390600.05936245405
5439.0,0.992129,392230.755124578
5440.0,0.993102,392720.9302412406
5441.0,0.99275,392687.12585686427
5442.0,0.991836,392430.80937921675
5443.0,0.99032,391935.97146974964
5444.0,0.984203,389619.32516919315
5445.0,0.966447,382692.51096575055
5446.0,0.931637,369007.03876971995
5447.0,0.913342,361857.21585898934
5448.0,0.946234,374988.6550090139
5449.0,0.981432,389041.0696262739
5450.0,0.992303,393455.0128533172
5451.0,0.992974,393825.7268427083
5452.0,0.991554,393366.96964344237
5453.0,0.986531,391478.08467906306
5454.0,0.962268,381951.17141069914
5455.0,0.917392,364235.03854176286
5456.0,0.912078,362220.98689006455
5457.0,0.956737,380057.1795651725
5458.0,0.986614,392029.0708342208
5459.0,0.991804,394195.2340365567
5460.0,0.989932,393554.8577588686
5461.0,0.986512,392298.43286608945
5462.0,0.978365,389160.97402537306
5463.0,0.971312,386457.0082689267
5464.0,0.977202,388902.4922718857
5465.0,0.985454,392289.3954942792
5466.0,0.98691,392971.8851664623
5467.0,0.987203,393191.3934298772
5468.0,0.988713,393895.73062900937
5469.0,0.989586,394346.4641336646
5470.0,0.99005,394634.2758357584
5471.0,0.989693,394594.77194832
5472.0,0.986188,393299.6704931077
5473.0,0.980862,391277.34792823374
5474.0,0.978639,390491.9905062098
5475.0,0.970705,387426.7293482156
5476.0,0.94126,375772.07802213635
5477.0,0.924751,369276.94131718506
5478.0,0.952291,380372.77487625025
5479.0,0.980966,391927.69404812506
5480.0,0.986753,394341.59849502303
5481.0,0.982231,392635.71506714023
5482.0,0.979728,391736.1046297475
5483.0,0.980593,392182.917094026
5484.0,0.98401,393650.7536659284
5485.0,0.987187,395023.1814753075
5486.0,0.985783,394562.6273962186
5487.0,0.979354,392089.9221891461
5488.0,0.976358,390990.5957248658
5489.0,0.977171,391416.31582448864
5490.0,0.970471,388831.9454957999
5491.0,0.967769,387848.3892652772
5492.0,0.97454,390661.62589981547
5493.0,0.978708,392432.44739086373
5494.0,0.983009,394257.38784715853
5495.0,0.984442,394932.5637534588
5496.0,0.966895,387991.7383519238
5497.0,0.934912,375252.9715898088
5498.0,0.935565,375610.3089769594
5499.0,0.96472,387413.57970910677
5500.0,0.966401,388186.8663730965
5501.0,0.941801,378401.1199237035
5502.0,0.943016,378984.99493504624
5503.0,0.97085,390269.54895945947
5504.0,0.984317,395782.86174558516
5505.0,0.97366,391596.39386593964
5506.0,0.944019,379770.59648778493
5507.0,0.933877,375784.97942986817
5508.0,0.959372,386140.89793127164
5509.0,0.977238,393430.5000383845
5510.0,0.978635,394091.6453032142
5511.0,0.977363,393677.934603398
5512.0,0.97345,392199.8422377298
5513.0,0.971334,391445.0735268182
5514.0,0.973034,392228.0263316447
5515.0,0.977541,394143.0243301699
5516.0,0.984683,397121.5453230721
5517.0,0.988368,398706.87344365363
5518.0,0.988502,398860.03827605414
5519.0,0.987649,398614.8012248529
5520.0,0.986689,398326.1216328204
5521.0,0.984871,397690.71393390297
5522.0,0.984711,397724.53284985863
5523.0,0.985788,398257.99174653535
5524.0,0.98443,397807.607893512
5525.0,0.977753,395206.94217170205
5526.0,0.961097,388570.37235951045
5527.0,0.943149,381407.9278576352
5528.0,0.938752,379723.18881381716
5529.0,0.954194,386064.3087625863
5530.0,0.975977,394974.60603341996
5531.0,0.985411,398890.33004791883
5532.0,0.98531,398947.1759619693
5533.0,0.982285,397819.72316876746
5534.0,0.976724,395664.27913905884
5535.0,0.972947,394230.52194797556
5536.0,0.977391,396127.840677096
5537.0,0.983098,398537.9702708543
5538.0,0.984838,399340.57842041267
5539.0,0.984202,399179.7790872377
5540.0,0.983906,399156.71192663047
5541.0,0.98573,399993.7736329453
5542.0,0.986735,400498.7008628807
5543.0,0.984658,399752.5163879848
5544.0,0.982908,399138.6358931808
5545.0,0.984283,399793.64091807645
5546.0,0.985543,400402.11857736425
5547.0,0.986288,400801.4852593084
5548.0,0.987574,401420.82337893103
5549.0,0.988986,402091.56527535693
5550.0,0.989253,402296.8734497387
5551.0,0.987324,401608.901806102
5552.0,0.986099,401206.9088050746
5553.0,0.987088,401705.6109952662
5554.0,0.986021,401367.5195196076
5555.0,0.983656,400500.65689872013
5556.0,0.985303,401267.15533846477
5557.0,0.988236,402557.7505058702
5558.0,0.988195,402637.0927446881
5559.0,0.987236,402342.22563554393
5560.0,0.987098,402381.76991794776
5561.0,0.984113,401260.3812151981
5562.0,0.978025,398872.82631518284
5563.0,0.976623,398395.5855779779
5564.0,0.980499,400071.57313413534
5565.0,0.981164,400437.7449705982
5566.0,0.978796,399565.83334715007
5567.0,0.978373,399487.5683951423
5568.0,0.974638,398056.4772608009
5569.0,0.964022,393813.62685479614
5570.0,0.963405,393654.3220797599
5571.0,0.970912,396815.1318145179
5572.0,0.960804,392776.3054457992
5573.0,0.953169,389746.66195934033
5574.0,0.967359,395641.72139705555
5575.0,0.973915,398416.4548976267
5576.0,0.969626,396754.7773669528
5577.0,0.973992,398634.5139981568
5578.0,0.979318,400908.0111645129
5579.0,0.981136,401746.0299294246
5580.0,0.983634,402862.8254894802
5581.0,0.979358,401204.97747952625
5582.0,0.973081,398726.31568267656
5583.0,0.974805,399525.6071122028
5584.0,0.974871,399645.45992233296
5585.0,0.967291,396630.06828736793
5586.0,0.951827,390379.6394899669
5587.0,0.938072,384827.2861180597
5588.0,0.935928,384036.55647393217
5589.0,0.942948,387006.4540321576
5590.0,0.959297,393807.31895613985
5591.0,0.974514,400146.3947059767
5592.0,0.980221,402582.46301953867
5593.0,0.974072,400149.0866526295
5594.0,0.962195,395360.86869990587
5595.0,0.964824,396532.1426087124
5596.0,0.97898,402442.39636545535
5597.0,0.979589,402785.02050959674
5598.0,0.966647,397554.5415550742
5599.0,0.965671,397243.95553490106
5600.0,0.973659,400621.4366432055
5601.0,0.96944,398976.50901763735
5602.0,0.958172,394429.01257111004
5603.0,0.955847,393561.53028575424
5604.0,0.971965,400289.0081287155
5605.0,0.986838,406506.5785616085
5606.0,0.990732,408203.2675883685
5607.0,0.990525,408210.52363613824
5608.0,0.989202,407757.6401663295
5609.0,0.988209,407440.4935536366
5610.0,0.987743,407340.41821680364
5611.0,0.988417,407710.4169234047
5612.0,0.989115,408090.36725473695
5613.0,0.98662,407152.702579364
5614.0,0.970987,400791.5633384213
5615.0,0.942529,389132.5170267048
5616.0,0.939087,387798.5434693625
5617.0,0.965744,398896.11313094856
5618.0,0.98208,405734.54981469724
5619.0,0.984122,406669.2182738792
5620.0,0.984621,406966.43166268
5621.0,0.985791,407541.0634303718
5622.0,0.984894,407261.1155231763
5623.0,0.97783,404430.256894287
5624.0,0.965082,399246.5965083513
5625.0,0.962662,398334.0748031592
5626.0,0.974405,403282.7585286201
5627.0,0.983178,407004.0423591321
5628.0,0.985363,407999.03774902876
5629.0,0.986627,408612.9252981625
5630.0,0.986997,408856.6357957728
5631.0,0.986053,408555.90276767855
5632.0,0.984444,407979.3279533535
5633.0,0.980818,406566.30139298766
5634.0,0.975994,404655.8353612309
5635.0,0.976004,404749.0743554186
5636.0,0.982323,407459.1595240784
5637.0,0.986839,409422.2883808582
5638.0,0.987252,409683.52766344434
5639.0,0.986867,409613.54496724904
5640.0,0.983473,408294.2138010672
5641.0,0.979571,406763.2454186952
5642.0,0.983356,408424.18950840196
5643.0,0.988074,410473.3390367829
5644.0,0.988494,410737.37035775965
5645.0,0.988967,411023.4293298988
5646.0,0.990329,411679.0548417278
5647.0,0.992111,412509.4824466321
5648.0,0.993257,413075.65638806194
5649.0,0.992976,413048.37175294413
5650.0,0.993054,413170.3260776744
5651.0,0.994149,413715.44334738166
5652.0,0.994228,413837.7815112708
5653.0,0.993468,413610.75674204004
5654.0,0.992906,413465.97052436485
5655.0,0.990892,412716.2351698178
5656.0,0.984723,410235.0917856164
5657.0,0.965425,402282.0561723668
5658.0,0.941237,392287.4426413847
5659.0,0.946488,394560.6067345982
5660.0,0.972566,405518.6095660357
5661.0,0.98282,409881.8499981028
5662.0,0.974984,406700.8567453544
5663.0,0.971637,405391.31466419506
5664.0,0.981876,409750.731646178
5665.0,0.989088,412848.41736962844
5666.0,0.98666,411922.68729187327
5667.0,0.980443,409414.23631881067
5668.0,0.977437,408245.7434643979
5669.0,0.978833,408915.614568986
5670.0,0.984686,411448.0020251428
5671.0,0.990716,414055.3255586156
5672.0,0.993928,415485.6492498618
5673.0,0.995444,416207.34655642335
5674.0,0.994477,415890.84363605577
5675.0,0.992511,415156.2235365613
5676.0,0.992966,415434.0714274693
5677.0,0.994556,416186.8814223978
5678.0,0.994623,416302.43917145435
5679.0,0.993177,415784.5290312167
5680.0,0.992323,415514.1763157697
5681.0,0.992453,415655.71330906503
5682.0,0.990673,414997.09028544044
5683.0,0.984996,412705.26845544786
5684.0,0.978245,409962.2858806972
5685.0,0.980267,410895.3977163415
5686.0,0.986611,413640.8049031899
5687.0,0.988917,414693.94401176955
5688.0,0.989085,414850.67148775194
5689.0,0.98944,415085.8022489462
5690.0,0.990399,415574.35955153895
5691.0,0.992097,416373.15911307046
5692.0,0.994689,417547.45885201567
5693.0,0.996278,418301.009794949
5694.0,0.995296,417975.0678496362
5695.0,0.993231,417193.9793422164
5696.0,0.992798,417098.09927775216
5697.0,0.99344,417453.79467448883
5698.0,0.992941,417329.9666936308
5699.0,0.990778,416506.45904756355
5700.0,0.98498,414154.0954942767
5701.0,0.976853,410821.18196058366
5702.0,0.977187,411045.8443942923
5703.0,0.985925,414806.2882889709
5704.0,0.991679,417312.4517105632
5705.0,0.991579,417355.5804491054
5706.0,0.988874,416301.9483491458
5707.0,0.985037,414771.1235527791
5708.0,0.973848,410143.2170791218
5709.0,0.958272,403665.32653209794
5710.0,0.957341,403355.0526278725
5711.0,0.965907,407046.71517289156
5712.0,0.973518,410337.23598761245
5713.0,0.984245,414942.6400106387
5714.0,0.990548,417684.3309486291
5715.0,0.991187,418038.1995961082
5716.0,0.992609,418722.40249079245
5717.0,0.993822,419318.58936480695
5718.0,0.993491,419263.3230414153
5719.0,0.993758,419460.3377522208
5720.0,0.993956,419628.19173914765
5721.0,0.993616,419568.8253333797
5722.0,0.994306,419944.3454380067
5723.0,0.995641,420592.37644005386
5724.0,0.995949,420806.63115490106
5725.0,0.99512,420540.3629217905
5726.0,0.993239,419829.2124059248
5727.0,0.991622,419229.28085855837
5728.0,0.992181,419549.1349945955
5729.0,0.99307,420008.57783570257
5730.0,0.992453,419831.02116053674
5731.0,0.990976,419289.41293295874
5732.0,0.990958,419364.9177840001
5733.0,0.992324,420026.1572242399
5734.0,0.993257,420504.2356987026
5735.0,0.993768,420803.70211012574
5736.0,0.994055,421008.30863009393
5737.0,0.993714,420946.86073207366
5738.0,0.993383,420889.5173838914
5739.0,0.992963,420794.3273045919
5740.0,0.991912,420431.5363799448
5741.0,0.990561,419941.3123279455
5742.0,0.989271,419476.65398547833
5743.0,0.988427,419200.8588592013
5744.0,0.989019,419533.9883836666
5745.0,0.990778,420362.2699022195
5746.0,0.991692,420832.1854366389
5747.0,0.989644,420044.98433121154
5748.0,0.986886,418955.95797378896
5749.0,0.987194,419168.24221234565
5750.0,0.989412,420191.65701290197
5751.0,0.98949,420306.35337094584
5752.0,0.986375,419064.43176527886
5753.0,0.981291,416985.22483113455
5754.0,0.976602,415072.9891611867
5755.0,0.978745,416064.18991315167
5756.0,0.986735,419541.7060098609
5757.0,0.990604,421267.94622350653
5758.0,0.990153,421157.25235568633
5759.0,0.989851,421109.79833479965
5760.0,0.98944,421015.8394394578
5761.0,0.986811,419977.7778386472
5762.0,0.982669,418295.1697568088
5763.0,0.980796,417577.8474784337
5764.0,0.98525,419554.4067777311
5765.0,0.99022,421751.38984445424
5766.0,0.991746,422481.96882671764
5767.0,0.99198,422662.2262187297
5768.0,0.991467,422524.10463833925
5769.0,0.99081,422324.4460442866
5770.0,0.990556,422296.4140364184
5771.0,0.99,422139.4921224694
5772.0,0.990207,422307.81298141746
5773.0,0.990855,422664.2076582909
5774.0,0.989921,422345.67833891744
5775.0,0.989948,422437.0076556441
5776.0,0.991959,423375.05160865723
5777.0,0.992007,423475.3642869867
5778.0,0.990797,423038.4841552244
5779.0,0.991107,423250.4479573682
5780.0,0.989148,422493.232262499
5781.0,0.982923,419913.1557460268
5782.0,0.979564,418556.61677742866
5783.0,0.984059,420556.019851696
5784.0,0.988154,422385.08818267676
5785.0,0.987999,422397.7401621347
5786.0,0.988735,422791.29182392766
5787.0,0.990812,423758.41589535127
5788.0,0.99119,423999.01894451294
5789.0,0.989945,423545.2113669161
5790.0,0.988859,423159.17144643166
5791.0,0.98838,423032.6840947363
5792.0,0.989243,423480.5368480219
5793.0,0.989595,423709.65971800813
5794.0,0.990652,424240.6757100265
5795.0,0.992169,424968.81293701753
5796.0,0.991226,424643.2462659511
5797.0,0.987867,423282.24580407195
5798.0,0.986964,422973.1838059894
5799.0,0.990783,424687.9370031801
5800.0,0.993206,425804.7276962973
5801.0,0.992755,425689.46498584206
5802.0,0.992002,425444.5364561868
5803.0,0.990431,424848.5312489242
5804.0,0.988932,424283.0952103076
5805.0,0.987843,423893.2848030286
5806.0,0.987359,423762.88837422396
5807.0,0.989328,424685.3325528895
5808.0,0.991258,425591.2656985992
5809.0,0.992203,426074.4444161874
5810.0,0.992442,426254.46852334304
5811.0,0.991534,425941.7286764537
5812.0,0.991456,425985.38766317343
5813.0,0.992431,426481.47002256045
5814.0,0.993303,426933.35872683284
5815.0,0.992709,426755.0903163437
5816.0,0.99045,425860.7602051504
5817.0,0.990335,425888.02076847176
5818.0,0.99275,427003.397244035
5819.0,0.994644,427894.93900637625
5820.0,0.995002,428125.79435257294
5821.0,0.994053,427794.1582824055
5822.0,0.992915,427380.9498520013
5823.0,0.992778,427398.42961588595
5824.0,0.993919,427966.1007648832
5825.0,0.995071,428538.6100856149
5826.0,0.994508,428372.5058726008
5827.0,0.993328,427940.4279097701
5828.0,0.993493,428087.64352733665
5829.0,0.994437,428570.53400848404
5830.0,0.994718,428767.7119087221
5831.0,0.99393,428503.98997577373
5832.0,0.993103,428223.25650902715
5833.0,0.992658,428107.0689106596
5834.0,0.992351,428050.26536451624
5835.0,0.99314,428466.18337253487
5836.0,0.994963,429328.3198925102
5837.0,0.995638,429695.20772317983
5838.0,0.994835,429424.13943683746
5839.0,0.99425,429246.9918956035
5840.0,0.993904,429172.8827288428
5841.0,0.993837,429219.14155878255
5842.0,0.994863,429737.4442502943
5843.0,0.995743,430192.75087924587
5844.0,0.995224,430043.59768909146
5845.0,0.994196,429674.31082473247
5846.0,0.992665,429087.3690074973
5847.0,0.991771,428775.51882791007
5848.0,0.99292,429346.8703201307
5849.0,0.994027,429900.1558816794
5850.0,0.993734,429847.9515640579
5851.0,0.992198,429257.86594009306
5852.0,0.982369,425079.0278966477
5853.0,0.961084,415940.6856618146
5854.0,0.956158,413880.2073935649
5855.0,0.975304,422240.46522896754
5856.0,0.98318,425723.5203718505
5857.0,0.97444,422011.59919181623
5858.0,0.97297,421447.3451636113
5859.0,0.980727,424880.21180400776
5860.0,0.986222,427334.0237413266
5861.0,0.988143,428239.6837252557
5862.0,0.986956,427798.3849616085
5863.0,0.987592,428147.15536957164
5864.0,0.990018,429272.09078822425
5865.0,0.988858,428842.1554925514
5866.0,0.98391,426768.9380415437
5867.0,0.983978,426870.9668825357
5868.0,0.989347,429273.01143769396
5869.0,0.992498,430713.22973747255
5870.0,0.99258,430821.7615378807
5871.0,0.991412,430387.5867876024
5872.0,0.990315,429983.9942684692
5873.0,0.989829,429845.50154853094
5874.0,0.990588,430247.61180753645
5875.0,0.99211,430981.2132770686
5876.0,0.992424,431190.10948635085
5877.0,0.991311,430778.8681806718
5878.0,0.989518,430071.8440587325
5879.0,0.988596,429743.10919662484
5880.0,0.987823,429478.947861728
5881.0,0.987646,429473.76885553123
5882.0,0.988794,430044.757724787
5883.0,0.988278,429892.0147738513
5884.0,0.987101,429451.5467064481
5885.0,0.988912,430311.02068661596
5886.0,0.991088,431329.53423949506
5887.0,0.98919,430574.9566494577
5888.0,0.97385,423968.0234436811
5889.0,0.933333,406396.12102877954
5890.0,0.906054,394583.4151615692
5891.0,0.936019,407700.3993211297
5892.0,0.970632,422846.47913735686
5893.0,0.978997,426560.88636163337
5894.0,0.971231,423246.7919377519
5895.0,0.938235,408934.87825778755
5896.0,0.915909,399269.5118421629
5897.0,0.94531,412153.78041304764
5898.0,0.976632,425879.87075796403
5899.0,0.98451,429385.4636082802
5900.0,0.987148,430606.35321588255
5901.0,0.989412,431664.37544380705
5902.0,0.990404,432167.6032595887
5903.0,0.990855,432434.7924142829
5904.0,0.989965,432116.6300190447
5905.0,0.989303,431897.80561115465
5906.0,0.990148,432336.8286034366
5907.0,0.990679,432638.77129836276
5908.0,0.989687,432275.49991451995
5909.0,0.987826,431532.3920809213
5910.0,0.986516,431029.69218685257
5911.0,0.987263,431425.6264478553
5912.0,0.987656,431666.8730696115
5913.0,0.985905,430970.8904758798
5914.0,0.983112,429819.0240298292
5915.0,0.982551,429642.68550168525
5916.0,0.983957,430326.4489709799
5917.0,0.987704,432034.3200654739
5918.0,0.990853,433481.02803924546
5919.0,0.990811,433531.8730026131
5920.0,0.989691,433110.8821837489
5921.0,0.989411,433057.3234942648
5922.0,0.989262,433060.9996555478
5923.0,0.989768,433351.361659835
5924.0,0.990221,433618.512381943
5925.0,0.991676,434324.4992095202
5926.0,0.993371,435135.7444049416
5927.0,0.992319,434743.6666116487
5928.0,0.9897,433664.7452225459
5929.0,0.987314,432687.5003157878
5930.0,0.987653,432904.26460775884
5931.0,0.990443,434195.4850057575
5932.0,0.990878,434454.45800597226
5933.0,0.988598,433522.82848928345
5934.0,0.986634,432729.4075595914
5935.0,0.987957,433377.5206182984
5936.0,0.990616,434611.8845608363
5937.0,0.99029,434536.730010175
5938.0,0.989851,434411.8662207557
5939.0,0.991437,435175.7116424536
5940.0,0.992431,435679.81154634256
5941.0,0.991452,435317.6875346316
5942.0,0.990103,434792.87578175013
5943.0,0.99009,434854.58829772245
5944.0,0.991468,435527.2581641426
5945.0,0.992925,436234.750801468
5946.0,0.993686,436636.5385001369
5947.0,0.992015,435969.5442172814
5948.0,0.986626,433668.0168322657
5949.0,0.984422,432765.8586929256
5950.0,0.988571,434656.6285438707
5951.0,0.991998,436230.3875329609
5952.0,0.991342,436008.764776021
5953.0,0.989194,435130.6740044832
5954.0,0.988296,434802.1607930062
5955.0,0.986567,434107.79905229516
5956.0,0.98198,432155.36786677374
5957.0,0.981495,432007.7559380881
5958.0,0.98787,434879.9149175471
5959.0,0.991558,436569.80505855463
5960.0,0.991288,436517.19671891927
5961.0,0.992407,437076.22371260903
5962.0,0.994886,438234.3899522588
5963.0,0.995653,438638.58618553745
5964.0,0.994383,438145.268461793
5965.0,0.991803,437074.40957623266
5966.0,0.9897,436213.3746659406
5967.0,0.99066,436702.2184006265
5968.0,0.993105,437845.8324910273
5969.0,0.99486,438685.4411832553
5970.0,0.995522,439043.17681105173
5971.0,0.995158,438948.3750687835
5972.0,0.993881,438450.6827141289
5973.0,0.99247,437893.62658615946
5974.0,0.991535,437546.36242301716
5975.0,0.990832,437301.2956439851
5976.0,0.990322,437141.25706953934
5977.0,0.990252,437175.33013908745
5978.0,0.990267,437246.8532282992
5979.0,0.990536,437430.47513135313
5980.0,0.992143,438205.0216779725
5981.0,0.994621,439364.46216996905
5982.0,0.995764,439934.3430995894
5983.0,0.993667,439072.63864725607
5984.0,0.989708,437387.7037448379
5985.0,0.988519,436926.52489058056
5986.0,0.990011,437650.2988756259
5987.0,0.990795,438061.1659455013
5988.0,0.991727,438537.507731069
5989.0,0.992718,439039.991635554
5990.0,0.991936,438758.2891536212
5991.0,0.989501,437745.14328564674
5992.0,0.989112,437636.87276884343
5993.0,0.989905,438051.53752637416
5994.0,0.990598,438421.97435269464
5995.0,0.992085,439143.89061736764
5996.0,0.993459,439815.8996959541
5997.0,0.993159,439746.80645272636
5998.0,0.991835,439224.1347126764
5999.0,0.991597,439182.2152135394
6000.0,0.991449,439180.0605757499
6001.0,0.991067,439074.14582676545
6002.0,0.990024,438675.2244326617
6003.0,0.988539,438080.2220078139
6004.0,0.989006,438350.13007031096
6005.0,0.989359,438569.49137002765
6006.0,0.98833,438176.1162897135
6007.0,0.984948,436739.18730992114
6008.0,0.981191,435135.45451947325
6009.0,0.983428,436189.75436929206
6010.0,0.989626,439001.37894348113
6011.0,0.992233,440220.508992189
6012.0,0.990178,439371.2293512517
6013.0,0.986934,437993.9498264328
6014.0,0.986266,437759.56226570543
6015.0,0.98614,437765.6232696431
6016.0,0.983314,436572.8483083677
6017.0,0.983285,436621.6383843742
6018.0,0.987857,438713.687829986
6019.0,0.988689,439145.0463356667
6020.0,0.985186,437650.6939417274
6021.0,0.982764,436636.1147591615
6022.0,0.982676,436658.2902431629
6023.0,0.983438,437058.139826936
6024.0,0.984219,437466.4586285525
6025.0,0.987601,439031.0599349299
6026.0,0.988999,439713.91390666005
6027.0,0.988248,439441.2807887948
6028.0,0.989324,439981.0033105646
6029.0,0.991007,440790.77590120846
6030.0,0.991441,441045.06449818
6031.0,0.991142,440973.21330356377
6032.0,0.992082,441452.579179423
6033.0,0.992799,441832.74626896693
6034.0,0.992031,441551.9583733627
6035.0,0.992198,441687.2298323497
6036.0,0.992689,441966.7024390984
6037.0,0.991956,441701.13766121794
6038.0,0.991824,441703.06383205124
6039.0,0.992568,442095.07781498425
6040.0,0.992122,441957.0065606918
6041.0,0.991275,441640.15329996543
6042.0,0.991516,441807.9258379202
6043.0,0.992022,442093.7537309533
6044.0,0.991759,442036.8212074591
6045.0,0.991696,442068.93986672757
6046.0,0.992318,442406.3743186601
6047.0,0.992432,442517.30011638993
6048.0,0.991441,442135.3914403122
6049.0,0.991243,442106.9801347862
6050.0,0.99269,442812.26423712284
6051.0,0.993032,443024.67459552584
6052.0,0.991463,442384.3793612536
6053.0,0.990815,442154.8241283873
6054.0,0.991723,442619.58440929925
6055.0,0.991731,442682.64655044896
6056.0,0.990609,442241.16886807594
6057.0,0.990153,442096.8507807566
6058.0,0.990911,442494.52315380774
6059.0,0.99157,442848.0007388893
6060.0,0.991674,442953.5829864654
6061.0,0.991838,443085.9108729363
6062.0,0.991986,443211.03893937723
6063.0,0.989982,442374.4904872639
6064.0,0.98023,438074.9718225945
6065.0,0.964733,431206.3858484438
6066.0,0.966043,431849.1093376411
6067.0,0.98333,439635.04409352544
6068.0,0.993117,444069.34913899295
6069.0,0.99407,444554.1206511788
6070.0,0.993023,444144.4039042798
6071.0,0.993277,444316.46155493095
6072.0,0.994507,444925.12390811706
6073.0,0.995106,445251.52464689413
6074.0,0.994512,445044.0575680538
6075.0,0.992909,444384.8637276306
6076.0,0.992741,444367.7421468252
6077.0,0.993668,444840.73505119816
6078.0,0.992879,444545.4545605267
6079.0,0.99236,444370.9154763538
6080.0,0.992674,444569.3048294102
6081.0,0.991308,444015.1742428179
6082.0,0.99021,443580.8696766802
6083.0,0.990405,443725.6631393262
6084.0,0.989442,443351.5296553547
6085.0,0.988024,442773.3108027155
6086.0,0.988625,443099.7698375573
6087.0,0.990481,443988.78926781646
6088.0,0.99318,445255.8808978066
6089.0,0.994288,445809.85506024235
6090.0,0.992584,445102.9056109224
6091.0,0.991542,444692.5878038321
6092.0,0.992018,444962.9689508152
6093.0,0.992549,445258.0076112689
6094.0,0.994044,445985.54303862323
6095.0,0.995942,446894.0113548095
6096.0,0.995808,446890.72151364887
6097.0,0.994211,446230.70931044465
6098.0,0.993032,445758.07930969
6099.0,0.992412,445536.2041109612
6100.0,0.991929,445375.701407446
6101.0,0.986989,443213.63001468696
6102.0,0.973304,437123.43617916136
6103.0,0.968102,434841.9293159603
6104.0,0.980545,440486.35963400174
6105.0,0.990503,445015.6594211127
6106.0,0.991054,445319.08217088494
6107.0,0.986939,443525.6194008869
6108.0,0.98435,442417.48696126597
6109.0,0.988595,444380.92899006186
6110.0,0.992806,446329.49285773915
6111.0,0.992682,446329.35775488766
6112.0,0.99228,446204.1291886001
6113.0,0.992804,446495.2373334409
6114.0,0.994259,447205.08627112076
6115.0,0.995031,447607.7849019448
6116.0,0.994368,447364.895031879
6117.0,0.993487,447023.77157559217
6118.0,0.992826,446781.4826926166
6119.0,0.991379,446185.29948731605
6120.0,0.986485,444037.3203247272
6121.0,0.972217,437668.7802019878
6122.0,0.957064,430900.1397050502
6123.0,0.966755,435316.67538231256
6124.0,0.985413,443772.4249055944
6125.0,0.991166,446417.7925106895
6126.0,0.991013,446403.35668378946
6127.0,0.991191,446537.95235384814
6128.0,0.991541,446749.99477309274
6129.0,0.991857,446946.68527371756
6130.0,0.99298,447507.0323177101
6131.0,0.993765,447915.08755523525
6132.0,0.993734,447955.3226616904
6133.0,0.993801,448039.66675897484
6134.0,0.991514,447062.55653588305
6135.0,0.977938,440994.431304893
6136.0,0.94452,425976.07275814936
6137.0,0.919272,414639.1151063589
6138.0,0.937556,422936.89328637643
6139.0,0.971374,438244.90063450934
6140.0,0.975329,440081.89691627026
6141.0,0.947303,427487.2592809741
6142.0,0.937139,422951.04101606435
6143.0,0.965972,436015.9479633894
6144.0,0.989382,446635.78727997595
6145.0,0.994192,448860.49265285133
6146.0,0.992645,448215.22845975996
6147.0,0.989595,446890.99014347594
6148.0,0.987371,445939.4141622655
6149.0,0.986728,445701.6643304844
6150.0,0.986782,445778.64702219894
6151.0,0.987415,446117.16092188365
6152.0,0.98955,447134.3616999143
6153.0,0.992248,448406.1455797578
6154.0,0.9921,448391.86198387895
6155.0,0.990947,447923.218489352
6156.0,0.991249,448112.14347045455
6157.0,0.990687,447910.3990991666
6158.0,0.989305,447337.7442752144
6159.0,0.988948,447228.40729862306
6160.0,0.984557,445294.47068904515
6161.0,0.9658,436861.8092357361
6162.0,0.946514,428187.8003714523
6163.0,0.95597,432515.63089731405
6164.0,0.977114,442133.07379966794
6165.0,0.986643,446496.3968223371
6166.0,0.987422,446900.4565951381
6167.0,0.986516,446541.8220574573
6168.0,0.981263,444215.1496454187
6169.0,0.97114,439682.973809953
6170.0,0.972384,440296.67081397824
6171.0,0.984257,445723.80505153455
6172.0,0.988584,447734.48162429093
6173.0,0.984952,446140.456581078
6174.0,0.985994,446663.3485249944
6175.0,0.989622,448357.89252881985
6176.0,0.989696,448442.38487586443
6177.0,0.990254,448746.1473806133
6178.0,0.992129,449646.7819087901
6179.0,0.991173,449264.34646800795
6180.0,0.988895,448282.4603316779
6181.0,0.990093,448876.17903881957
6182.0,0.992407,449975.96746760723
6183.0,0.993021,450305.02525837923
6184.0,0.993478,450562.874628168
6185.0,0.993821,450768.9950882919
6186.0,0.993244,450557.7495171344
6187.0,0.991866,449982.98493016046
6188.0,0.990465,449397.57684771233
6189.0,0.986949,447852.2259633601
6190.0,0.970255,440325.9463060469
6191.0,0.941973,427538.40546751814
6192.0,0.941996,427596.3181312647
6193.0,0.970514,440590.2192236378
6194.0,0.98742,448314.7675829108
6195.0,0.990015,449542.65613639593
6196.0,0.990031,449599.54435611673
6197.0,0.990806,450001.0865797416
6198.0,0.990448,449887.9995875317
6199.0,0.986081,447953.61380972096
6200.0,0.98104,445712.50881938235
6201.0,0.983103,446698.7238994468
6202.0,0.988809,449340.5510727027
6203.0,0.991117,450438.5692564506
6204.0,0.990529,450220.4436064007
6205.0,0.988299,449255.7803008417
6206.0,0.984861,447741.6428477618
6207.0,0.982803,446854.54800355237
6208.0,0.984778,447801.080385724
6209.0,0.987138,448922.8274800793
6210.0,0.988155,449433.91453266377
6211.0,0.987484,449177.21298908856
6212.0,0.980218,445920.1848780227
6213.0,0.964247,438701.87840501283
6214.0,0.953093,433673.76155218953
6215.0,0.959885,436811.1057678973
6216.0,0.974521,443518.9682568512
6217.0,0.981,446515.4217930476
6218.0,0.975433,444028.9535402497
6219.0,0.965002,439327.489944823
6220.0,0.966616,440109.1477500233
6221.0,0.978169,445416.6955573684
6222.0,0.984978,448564.8490355391
6223.0,0.98589,449027.7799668397
6224.0,0.984582,448479.51655263663
6225.0,0.983287,447936.9824644639
6226.0,0.985301,448901.8331086968
6227.0,0.987956,450158.88000714657
6228.0,0.985875,449257.94493260194
6229.0,0.973863,443830.7648354215
6230.0,0.951511,433689.4975963022
6231.0,0.943485,430076.36622779735
6232.0,0.95992,437613.82597012806
6233.0,0.975285,444664.93797101214
6234.0,0.982255,447889.48647379293
6235.0,0.984695,449048.82239291305
6236.0,0.9852,449325.8166895763
6237.0,0.982136,447974.88901895954
6238.0,0.978442,446336.2178429642
6239.0,0.979985,447086.3428877104
6240.0,0.981956,448031.82861526066
6241.0,0.981365,447808.3630863697
6242.0,0.980714,447557.394248871
6243.0,0.980051,447300.82126911444
6244.0,0.976222,445598.9913680798
6245.0,0.964037,440082.2288126853
6246.0,0.95482,435919.2904122571
6247.0,0.964103,440202.3919250448
6248.0,0.978622,446877.25753056695
6249.0,0.984737,449715.4216430731
6250.0,0.983155,449038.61978202045
6251.0,0.973738,444782.74407891766
6252.0,0.955897,436677.6361300591
6253.0,0.947322,432804.18119183026
6254.0,0.953178,435523.6453832326
6255.0,0.960706,439007.62919988995
6256.0,0.962453,439850.2698729493
6257.0,0.963255,440261.08921634493
6258.0,0.965215,441201.24120775866
6259.0,0.970284,443562.7795228804
6260.0,0.977727,447010.0938678461
6261.0,0.980577,448357.92560719594
6262.0,0.982885,449458.10385031876
6263.0,0.984584,450279.9128080062
6264.0,0.976937,446827.17797908117
6265.0,0.967849,442714.5383442636
6266.0,0.974296,445707.7500267411
6267.0,0.985891,451056.7519825821
6268.0,0.990242,453092.1949974974
6269.0,0.986833,451576.9720858465
6270.0,0.982231,449515.4021377089
6271.0,0.983663,450215.0675123462
6272.0,0.98795,452221.6363433297
6273.0,0.990578,453469.0638294474
6274.0,0.989717,453119.3022525495
6275.0,0.987097,451964.00078668655
6276.0,0.987359,452128.1147782583
6277.0,0.989926,453347.7871557609
6278.0,0.988992,452964.1440881142
6279.0,0.978362,448139.095359871
6280.0,0.963405,441330.8594043566
6281.0,0.963158,441260.4586260712
6282.0,0.977848,448033.8594198481
6283.0,0.989805,453556.1596953939
6284.0,0.992784,454965.0857859194
6285.0,0.990324,453881.4277172593
6286.0,0.986985,452394.5883959209
6287.0,0.985788,451889.29122576874
6288.0,0.988869,453345.0641498882
6289.0,0.992972,455269.6205983422
6290.0,0.993095,455369.49871941184
6291.0,0.990354,454155.9503261637
6292.0,0.986842,452588.4984138913
6293.0,0.984567,451588.0453626939
6294.0,0.987603,453023.53862662415
6295.0,0.99167,454932.20553625125
6296.0,0.98888,453695.1888845058
6297.0,0.979506,449436.86011628393
6298.0,0.973857,446886.99634361017
6299.0,0.975304,447593.12427316245
6300.0,0.97364,446871.4572604809
6301.0,0.967626,444152.87612364
6302.0,0.967213,444004.88596642204
6303.0,0.975681,447934.0536084115
6304.0,0.982929,451303.73036080966
6305.0,0.98464,452131.45831750403
6306.0,0.986196,452888.0874323622
6307.0,0.99103,455150.27119622525
6308.0,0.994056,456582.3647451871
6309.0,0.990894,455172.1613521385
6310.0,0.98513,452566.2716176128
6311.0,0.983566,451889.4755028563
6312.0,0.984692,452448.4893720554
6313.0,0.982008,451256.74533317826
6314.0,0.972697,447019.1614043834
6315.0,0.969795,445726.36137158435
6316.0,0.976072,448652.38900274906
6317.0,0.968719,445313.26574146404
6318.0,0.957391,440146.01557772385
6319.0,0.966514,444380.6470767048
6320.0,0.978996,450160.50902662607
6321.0,0.982447,451788.35142676503
6322.0,0.981607,451442.97798911325
6323.0,0.981659,451507.73990715016
6324.0,0.984545,452876.03962581564
6325.0,0.987125,454103.746326002
6326.0,0.988379,454721.55208432546
6327.0,0.987275,454254.45908487495
6328.0,0.988759,454978.080103453
6329.0,0.992088,456550.8128472991
6330.0,0.991343,456248.76568211004
6331.0,0.98622,453931.5124947227
6332.0,0.980605,451387.29920150613
6333.0,0.978738,450567.9761023007
6334.0,0.97085,446976.38621801574
6335.0,0.955852,440110.3757616679
6336.0,0.954649,439595.3808313517
6337.0,0.967128,445381.0498745819
6338.0,0.977754,450314.25329111284
6339.0,0.981361,452015.30132974853
6340.0,0.983823,453189.1439752195
6341.0,0.985778,454129.5563664319
6342.0,0.985295,453946.82297232636
6343.0,0.984027,453402.288302527
6344.0,0.98249,452733.6316881659
6345.0,0.98242,452740.84347980353
6346.0,0.980143,451730.8179851805
6347.0,0.97622,449961.8676915848
6348.0,0.976735,450238.2920256746
6349.0,0.97936,451487.4093732939
6350.0,0.980761,452172.35670879844
6351.0,0.983123,453300.451921282
6352.0,0.984501,453974.9272664954
6353.0,0.981668,452707.4970553663
6354.0,0.975321,449819.1180682836
6355.0,0.971103,447912.15505235933
6356.0,0.973519,449064.9280872598
6357.0,0.973382,449040.079992655
6358.0,0.965722,445544.3557840994
6359.0,0.964699,445110.2661143484
6360.0,0.974346,449599.5695986509
6361.0,0.978813,451699.11800363194
6362.0,0.976174,450519.423457373
6363.0,0.975047,450037.3302219251
6364.0,0.976793,450881.2441565036
6365.0,0.9793,452076.53313701606
6366.0,0.980556,452694.4031360578
6367.0,0.980885,452884.3022671816
6368.0,0.981735,453314.7346598008
6369.0,0.979834,452474.7929422744
6370.0,0.975954,450720.68824490206
6371.0,0.97642,450973.4837643416
6372.0,0.982146,453655.8603392849
6373.0,0.985162,455086.75323944964
6374.0,0.981847,453593.02284308756
6375.0,0.98011,452828.03934515367
6376.0,0.983232,454307.98899155937
6377.0,0.984682,455015.49271158595
6378.0,0.982272,453939.21453504503
6379.0,0.980734,453265.7022293294
6380.0,0.981931,453856.1485618262
6381.0,0.983042,454406.8694867935
6382.0,0.982846,454353.40699778387
6383.0,0.981046,453558.3036204692
6384.0,0.980015,453118.55563142116
6385.0,0.982853,454467.67893789377
6386.0,0.985776,455856.25941759394
6387.0,0.983198,454700.9409463869
6388.0,0.97888,452740.60129482584
6389.0,0.98011,453346.0822351665
6390.0,0.984244,455294.93450038874
6391.0,0.983108,454806.0211985586
6392.0,0.96929,448449.5350043241
6393.0,0.947365,438340.8942056662
6394.0,0.947663,438513.8583209686
6395.0,0.970133,448947.2940938324
6396.0,0.981027,454024.88852870645
6397.0,0.980853,453980.48242183024
6398.0,0.975837,451694.73949069116
6399.0,0.95761,443292.98275735
6400.0,0.939478,434933.80886873015
6401.0,0.952402,440951.84038372803
6402.0,0.974129,451046.77114151744
6403.0,0.980362,453968.5400149025
6404.0,0.98246,454975.78806177736
6405.0,0.984346,455884.94162541465
6406.0,0.984784,456123.49778146663
6407.0,0.979574,453745.82831787085
6408.0,0.972272,450398.6146580253
6409.0,0.974594,451509.41401589615
6410.0,0.976191,452284.4151797975
6411.0,0.970829,449835.00674537534
6412.0,0.970867,449887.44319701474
6413.0,0.975921,452264.35123770504
6414.0,0.977804,453171.9310943638
6415.0,0.980116,454278.4227412287
6416.0,0.983589,455923.1757738081
6417.0,0.986166,457152.75892517733
6418.0,0.984027,456196.119484712
6419.0,0.975034,452061.50054037233
6420.0,0.962975,446504.56489738385
6421.0,0.954361,442544.18795081286
6422.0,0.963755,446934.21926208277
6423.0,0.980614,454786.9522002338
6424.0,0.983966,456376.0880592906
6425.0,0.980356,454736.0879112192
6426.0,0.981435,455270.9200896024
6427.0,0.98767,458197.7262459436
6428.0,0.990411,459503.85464698577
6429.0,0.982311,455780.0232081336
6430.0,0.960614,445746.2563670875
6431.0,0.945248,438648.8673699292
6432.0,0.955316,443354.05810361734
6433.0,0.973383,451772.42959999497
6434.0,0.984788,457099.749593834
6435.0,0.988841,459015.03217053186
6436.0,0.987856,458591.7440416749
6437.0,0.979637,454809.8431206901
6438.0,0.960615,446011.507501039
6439.0,0.948973,440638.5809491641
6440.0,0.964786,448013.97299420345
6441.0,0.984184,457055.2571638981
6442.0,0.988475,459081.5920297936
6443.0,0.984604,457317.16765096254
6444.0,0.980853,455608.159537867
6445.0,0.984357,457269.04337440367
6446.0,0.99194,460825.08136448666
6447.0,0.994164,461891.76007536525
6448.0,0.987327,458748.4523475895
6449.0,0.972502,451892.83713829314
6450.0,0.963028,447522.7976652759
6451.0,0.970382,450972.6626919434
6452.0,0.982415,456597.6200385717
6453.0,0.988946,459665.9671602905
6454.0,0.988693,459581.2320183172
6455.0,0.981589,456311.5919535942
6456.0,0.973303,452491.9040472057
6457.0,0.974563,453109.89101778157
6458.0,0.981853,456531.6664745023
6459.0,0.986836,458881.1008748115
6460.0,0.98823,459561.79024387756
6461.0,0.977491,454599.83904328046
6462.0,0.951922,442739.6785424343
6463.0,0.944031,439100.41586448875
6464.0,0.964121,448476.39165246853
6465.0,0.980125,455952.8152250777
6466.0,0.985775,458613.215887083
6467.0,0.98959,460420.1636364082
6468.0,0.992044,461594.02953801706
6469.0,0.989842,460601.42449509504
6470.0,0.982985,457442.36306982563
6471.0,0.974859,453692.2158100715
6472.0,0.975697,454113.5534238428
6473.0,0.983713,457875.93363296986
6474.0,0.987306,459579.9094459912
6475.0,0.986884,459414.9881424795
6476.0,0.987286,459633.59436201403
6477.0,0.987281,459662.6723966848
6478.0,0.983445,457907.91359909985
6479.0,0.98163,457093.9251905297
6480.0,0.982277,457426.26431110094
6481.0,0.977552,455256.78396131756
6482.0,0.973187,453254.6127575627
6483.0,0.977163,455137.12791912677
6484.0,0.983353,458051.12586533185
6485.0,0.98421,458481.14428080333
6486.0,0.981235,457125.9497919039
6487.0,0.982129,457573.0730579792
6488.0,0.985582,459212.50733742944
6489.0,0.98582,459354.03012497135
6490.0,0.982062,457633.4016697532
6491.0,0.973575,453708.6558384904
6492.0,0.964927,449708.29077217396
6493.0,0.94775,441732.0935799029
6494.0,0.918439,428098.9312151256
6495.0,0.905139,421927.38258578733
6496.0,0.909,423755.0286937169
6497.0,0.915863,426982.41118139616
6498.0,0.926077,431772.52138233755
6499.0,0.8696209999999999,405477.06284801546
6500.0,0.697574,325278.13501553005
6501.0,0.525854,245221.20491536157
6502.0,0.458644,213893.0888086875
6503.0,0.471168,219748.0144166593
6504.0,0.553365,258100.5544479433
6505.0,0.6214069999999999,289855.4105156072
6506.0,0.6025050000000001,281056.6636990828
6507.0,0.540035,251931.8300602334
6508.0,0.511139,238466.84002574265
6509.0,0.549095,256191.2263002276
6510.0,0.623046,290713.10036401346
6511.0,0.6558609999999999,306044.0681374832
6512.0,0.619877,289271.26339264726
6513.0,0.586184,273565.4719844566
6514.0,0.5829340000000001,272065.9567118035
6515.0,0.5849989999999999,273046.9785923821
6516.0,0.573987,267924.0412498498
6517.0,0.538766,251499.50176517793
6518.0,0.489854,228681.41355634553
6519.0,0.416982,194674.3442361515
6520.0,0.320373,149580.32255534298
6521.0,0.311553,145471.38773892724
6522.0,0.445232,207902.18035757376
6523.0,0.568195,265336.5341353575
6524.0,0.575389,268712.6503247635
6525.0,0.51742,241655.46675845858
6526.0,0.510124,238262.64924881698
6527.0,0.590335,275743.6259324547
6528.0,0.647476,302452.5889301159
6529.0,0.6265850000000001,292711.81273274403
6530.0,0.571587,267035.60056915786
6531.0,0.546845,255492.1587090562
6532.0,0.583005,272403.1093916199
6533.0,0.636223,297286.7407683943
6534.0,0.6648229999999999,310669.4482633963
6535.0,0.684573,319917.9107508278
6536.0,0.640992,299569.5166509097
6537.0,0.536594,250793.90918905832
6538.0,0.517646,241952.51513376323
6539.0,0.585853,273849.52074694046
6540.0,0.60593,283251.20975471556
6541.0,0.563623,263489.89181914326
6542.0,0.536042,250610.89489477137
6543.0,0.562665,263073.34612213285
6544.0,0.6029140000000001,281908.43989564665
6545.0,0.63859,298607.3737085413
6546.0,0.634807,296855.9575480338
6547.0,0.564631,264054.9852294803
6548.0,0.537413,251341.00876952946
6549.0,0.589182,275568.8556324884
6550.0,0.624157,291944.250872848
6551.0,0.641888,300255.3129099535
6552.0,0.658416,308004.5453258548
6553.0,0.612154,286380.0032799458
6554.0,0.554484,259415.6714469699
6555.0,0.565072,264384.57439404645
6556.0,0.567851,265700.1486438085
6557.0,0.499275,233626.5759544485
6558.0,0.438187,205053.35384035693
6559.0,0.442978,207307.23243990366
6560.0,0.507043,237302.29494530818
6561.0,0.581751,272282.0926553762
6562.0,0.610058,285547.13408987573
6563.0,0.568593,266153.9212707635
6564.0,0.493117,230837.28617288964
6565.0,0.461006,215817.7353156376
6566.0,0.438314,205206.16653684832
6567.0,0.415373,194476.79261541276
6568.0,0.447991,209760.25788092898
6569.0,0.523075,244930.1369050455
6570.0,0.575607,269543.34553377953
6571.0,0.566551,265317.43374650215
6572.0,0.524468,245623.51741902158
6573.0,0.532122,249221.94623249362
6574.0,0.559262,261947.61046709595
6575.0,0.5381819999999999,252088.07557634145
6576.0,0.546678,256081.78028265678
6577.0,0.570631,267316.85167844873
6578.0,0.543715,254721.8072432702
6579.0,0.534557,250445.14352231307
6580.0,0.5613739999999999,263023.53640430386
6581.0,0.575892,269840.4375912304
6582.0,0.578773,271205.1064865059
6583.0,0.584496,273901.6824408607
6584.0,0.610725,286208.3867245047
6585.0,0.643338,301508.32446841366
6586.0,0.611671,286682.6317386935
6587.0,0.520053,243755.50443918898
6588.0,0.467548,219157.48457107032
6589.0,0.46876,219737.3442182021
6590.0,0.475004,222676.1782627158
6591.0,0.476625,223447.97403751806
6592.0,0.46084,216059.23114289797
6593.0,0.445499,208877.85143826835
6594.0,0.475117,222776.3952310332
6595.0,0.5173800000000001,242605.7709881311
6596.0,0.520364,244017.83387248655
6597.0,0.5068600000000001,237697.77760383458
6598.0,0.489447,229543.76214112574
6599.0,0.430551,201932.90529408187
6600.0,0.373065,174980.48248636792
6601.0,0.374825,175815.11506408578
6602.0,0.42777,200659.8505492208
6603.0,0.514717,241457.73307298592
6604.0,0.575232,269859.701159252
6605.0,0.564538,264856.4253377028
6606.0,0.5463819999999999,256351.57902316717
6607.0,0.5811930000000001,272698.1637729647
6608.0,0.640403,300495.08066751267
6609.0,0.651961,305933.9974434671
6610.0,0.610845,286654.79299487127
6611.0,0.594949,279209.33133633895
6612.0,0.62225,292036.4397640227
6613.0,0.635169,298114.657215201
6614.0,0.62084,291404.0384911502
6615.0,0.640067,300443.6977981557
6616.0,0.64055,300685.46028387774
6617.0,0.5668529999999999,266104.0707501163
6618.0,0.511516,240138.56609280605
6619.0,0.498894,234224.6172105272
6620.0,0.485343,227873.87590058325
6621.0,0.463008,217398.08861443293
6622.0,0.466266,218938.620443504
6623.0,0.524084,246099.5834554091
6624.0,0.563501,264622.00901180797
6625.0,0.537872,252598.89546234728
6626.0,0.5180020000000001,243279.28551044656
6627.0,0.523255,245758.31026996745
6628.0,0.505572,237464.62095849568
6629.0,0.484038,227361.21453619318
6630.0,0.4814520000000001,226157.442882196
6631.0,0.507761,238527.32806919134
6632.0,0.540665,253996.6084633071
6633.0,0.535634,251645.17176812296
6634.0,0.5297149999999999,248876.26858702226
6635.0,0.5543520000000001,260463.89473931462
6636.0,0.558809,262570.5086422277
6637.0,0.558819,262587.65501882177
6638.0,0.586675,275690.15437666734
6639.0,0.605662,284625.9416400901
6640.0,0.622379,292495.71629394224
6641.0,0.634576,298241.85638508847
6642.0,0.580911,273032.8289327167
6643.0,0.430012,202118.51908970808
6644.0,0.30351500000000003,142667.7792768344
6645.0,0.32352600000000004,152081.04433499277
6646.0,0.411912,193637.93569976278
6647.0,0.463484,217891.75384797397
6648.0,0.5172359999999999,243172.6833711927
6649.0,0.593091,278847.86088983354
6650.0,0.63184,297079.7070242447
6651.0,0.622731,292810.19223596883
6652.0,0.58409,274653.5739230228
6653.0,0.576447,271071.9582956303
6654.0,0.586336,275734.7119653373
6655.0,0.552127,259659.06386804703
6656.0,0.470321,221196.59519554055
6657.0,0.378567,178051.78532871013
6658.0,0.33720100000000003,158603.1804009778
6659.0,0.35572800000000004,167324.86904398463
6660.0,0.381812,179602.08279277477
6661.0,0.376587,177152.1458643375
6662.0,0.389021,183009.39470600107
6663.0,0.440421,207198.94955325883
6664.0,0.47028,221256.06223311974
6665.0,0.473288,222681.0436364765
6666.0,0.484249,227848.15676152063
6667.0,0.5049560000000001,237601.56841315536
6668.0,0.494669,232771.27579888699
6669.0,0.481938,226790.43607952577
6670.0,0.541315,254743.11002261983
6671.0,0.6280100000000001,295554.5917124092
6672.0,0.6690189999999999,314867.84902117006
6673.0,0.659311,310312.19833448523
6674.0,0.631049,297023.0936345558
6675.0,0.63449,298655.46833259263
6676.0,0.667339,314130.92828020116
6677.0,0.6663180000000001,313663.64595220285
6678.0,0.6292270000000001,296215.91408575117
6679.0,0.569765,268234.8168353228
6680.0,0.5017560000000001,236227.38721399804
6681.0,0.455108,214274.44553426048
6682.0,0.431172,203013.3726552165
6683.0,0.424101,199692.39481730934
6684.0,0.423394,199367.79627290176
6685.0,0.443217,208710.71538302556
6686.0,0.491649,231526.90817524094
6687.0,0.532746,250890.62438108632
6688.0,0.563858,265553.3909484893
6689.0,0.5929800000000001,279280.0852289987
6690.0,0.566098,266630.1815651673
6691.0,0.480308,226232.61788824416
6692.0,0.421353,198471.9568477439
6693.0,0.443668,208991.57328857295
6694.0,0.50159,236285.51279272113
6695.0,0.527147,248334.7343581703
6696.0,0.536343,252677.04956208778
6697.0,0.556655,262256.76135659707
6698.0,0.60577,285407.7014778114
6699.0,0.614325,289449.90441818844
6700.0,0.565649,266525.9423437196
6701.0,0.564576,266030.8897135742
6702.0,0.582956,274702.4732747311
6703.0,0.5864159999999999,276343.7780582982
6704.0,0.6160640000000001,290326.54469076195
6705.0,0.647982,305380.1742717012
6706.0,0.66282,312385.18684612593
6707.0,0.6544760000000001,308464.6714613996
6708.0,0.623628,293936.9199174984
6709.0,0.603912,284655.0986780373
6710.0,0.585825,276140.38899141864
6711.0,0.562855,265323.2026599166
6712.0,0.5386270000000001,253912.1260499361
6713.0,0.497809,234679.2190015679
6714.0,0.48687,229531.03840512322
6715.0,0.54218,255616.19412544527
6716.0,0.570348,268906.44240645977
6717.0,0.55008,259360.300407495
6718.0,0.567388,267530.9931651174
6719.0,0.6010439999999999,283410.85469641595
6720.0,0.618037,291434.4557341071
6721.0,0.614276,289671.7369251431
6722.0,0.585294,276015.0428657955
6723.0,0.5780689999999999,272617.9278455418
6724.0,0.5881109999999999,277363.96424123837
6725.0,0.580264,273673.2253734099
6726.0,0.568469,268120.0971742716
6727.0,0.5373600000000001,253456.69298246456
6728.0,0.487345,229874.46916691875
6729.0,0.460682,217305.74742915988
6730.0,0.492133,232149.71266189995
6731.0,0.544045,256646.96240025383
6732.0,0.5704819999999999,269127.9741738209
6733.0,0.543379,256351.15977168753
6734.0,0.474467,223848.37049213555
6735.0,0.436234,205817.7730164508
6736.0,0.441484,208302.13392919704
6737.0,0.498149,235046.2621147178
6738.0,0.553649,261242.53605539887
6739.0,0.5475399999999999,258369.03133687633
6740.0,0.566029,267102.81863836705
6741.0,0.583967,275577.1641469165
6742.0,0.573922,270846.2800498449
6743.0,0.601692,283961.374888592
6744.0,0.659846,311417.2041199397
6745.0,0.713379,336693.91137438675
6746.0,0.714886,337416.73040328076
6747.0,0.650467,307022.2972464942
6748.0,0.586084,276642.7486119053
6749.0,0.583483,275424.36656892626
6750.0,0.622146,293684.57788375654
6751.0,0.635521,300008.3615953665
6752.0,0.6176649999999999,291588.922402266
6753.0,0.60245,284415.6967678344
6754.0,0.619404,292429.3991990647
6755.0,0.679796,320951.97655794484
6756.0,0.737348,348135.5144730789
6757.0,0.763484,360487.3966895307
6758.0,0.778608,367640.4418157709
6759.0,0.78556,370935.1601204486
6760.0,0.7746390000000001,365790.28718390525
6761.0,0.765766,361612.1485904355
6762.0,0.777872,367340.7792186556
6763.0,0.766478,361971.7844146993
6764.0,0.711114,335836.7546352721
6765.0,0.68737,324633.6164182606
6766.0,0.723125,341531.0261967058
6767.0,0.761781,359799.65591418627
6768.0,0.7828890000000001,369780.979612041
6769.0,0.785928,371228.114440404
6770.0,0.7492800000000001,353928.80419992644
6771.0,0.680185,321301.2676624799
6772.0,0.6521520000000001,308068.85164552147
6773.0,0.683891,323072.03571797913
6774.0,0.7105640000000001,335682.84793741023
6775.0,0.710037,335444.24988013343
6776.0,0.673425,318157.3621770004
6777.0,0.645447,304948.6043942932
6778.0,0.651472,307804.58853390376
6779.0,0.648687,306498.0750881517
6780.0,0.645175,304847.9362817706
6781.0,0.639285,302074.01333626435
6782.0,0.629666,297537.8136026438
6783.0,0.6462100000000001,305364.5523915686
6784.0,0.6779,320349.1341902083
6785.0,0.689416,325800.84244708635
6786.0,0.68057,321629.97745912016
6787.0,0.6524949999999999,308371.1441643968
6788.0,0.640979,302937.5584342871
6789.0,0.683242,322921.2321913181
6790.0,0.737681,348660.9587947717
6791.0,0.7536149999999999,356202.4348181426
6792.0,0.761361,359874.068973494
6793.0,0.78676,371890.1947374357
6794.0,0.799172,377768.02445395116
6795.0,0.776174,366907.3877668912
6796.0,0.757404,358044.77542132983
6797.0,0.757594,358144.76267303666
6798.0,0.75981,359202.5124785691
6799.0,0.753125,356052.1874250158
6800.0,0.764053,361228.7127360495
6801.0,0.757107,357954.78715789
6802.0,0.699268,330618.1213927596
6803.0,0.690321,326396.9723151149
6804.0,0.719197,340059.4841209494
6805.0,0.69405,328178.19507520454
6806.0,0.6522680000000001,308430.2219974413
6807.0,0.630487,298139.02800713206
6808.0,0.621657,293971.5590065743
6809.0,0.637793,301610.1684475957
6810.0,0.646987,305966.21911908005
6811.0,0.654385,309473.10129018937
6812.0,0.672343,317974.3264755876
6813.0,0.65517,309860.8585214692
6814.0,0.6169,291768.8923825464
6815.0,0.6100899999999999,288555.64443845046
6816.0,0.619527,293026.77689585346
6817.0,0.625173,295704.97884656896
6818.0,0.643193,304236.30498139415
6819.0,0.661262,312791.21816221543
6820.0,0.656762,310670.6383947224
6821.0,0.642612,303985.0208308785
6822.0,0.591148,279647.3371367452
6823.0,0.54303,256891.27208240182
6824.0,0.588527,278421.6046966493
6825.0,0.653384,309112.0970274983
6826.0,0.652381,308645.3423653586
6827.0,0.620762,293693.555015448
6828.0,0.604746,286123.22910978703
6829.0,0.585916,277221.07511066523
6830.0,0.592967,280564.1226198226
6831.0,0.644387,304901.1456427824
6832.0,0.662204,313339.1878616321
6833.0,0.62853,297412.69674252387
6834.0,0.594666,281395.4904211288
6835.0,0.573289,271286.45905387
6836.0,0.543095,257004.51202541537
6837.0,0.535424,253380.48608146378
6838.0,0.57171,270558.67203320493
6839.0,0.588432,278478.8671596663
6840.0,0.572708,271043.78544148407
6841.0,0.575231,272244.2290490422
6842.0,0.580477,274733.46505538776
6843.0,0.589329,278929.50703176664
6844.0,0.610773,289085.6463140506
6845.0,0.624486,295582.9701460173
6846.0,0.605441,286575.1219791744
6847.0,0.565592,267719.3885705345
6848.0,0.509501,241174.54495401576
6849.0,0.457838,216724.53290395398
6850.0,0.498872,236153.90649271457
6851.0,0.5907220000000001,279639.7259666178
6852.0,0.651805,308562.4540840451
6853.0,0.6606569999999999,312759.89272053755
6854.0,0.640217,303090.1280850921
6855.0,0.650921,308164.3524254888
6856.0,0.64098,303464.6266012771
6857.0,0.549187,260011.93090177086
6858.0,0.399042,188930.04206201882
6859.0,0.257846,122082.14422219568
6860.0,0.191078,90471.48663281469
6861.0,0.219569,103963.59918312143
6862.0,0.339954,160968.03146495108
6863.0,0.479584,227087.54265378445
6864.0,0.552721,261724.08552788716
6865.0,0.5638029999999999,266977.19219757454
6866.0,0.550041,260465.88436952792
6867.0,0.519304,245915.7878286754
6868.0,0.456107,215993.35616717316
6869.0,0.382873,181316.47230008472
6870.0,0.337461,159814.03841794727
6871.0,0.318945,151048.3221093572
6872.0,0.330214,156388.31927150785
6873.0,0.389441,184441.7261652202
6874.0,0.466115,220759.40484650462
6875.0,0.533195,252534.53957165207
6876.0,0.585598,277359.3669668717
6877.0,0.603795,285983.6818774672
6878.0,0.585747,277440.7533605517
6879.0,0.525476,248898.03150918937
6880.0,0.468412,221873.24572069835
6881.0,0.495683,234795.21899590688
6882.0,0.55279,261850.65029491507
6883.0,0.5372239999999999,254482.01336398875
6884.0,0.50253,238052.00282703617
6885.0,0.5073529999999999,240341.1820600857
6886.0,0.512981,243011.76904574397
6887.0,0.491155,232676.5507371974
6888.0,0.476128,225561.89957356188
6889.0,0.5303399999999999,251248.99467603126
6890.0,0.583612,276491.6639168127
6891.0,0.553298,262134.85030833396
6892.0,0.498978,236404.01515062974
6893.0,0.497698,235801.7842925064
6894.0,0.532501,252295.3892305257
6895.0,0.562884,266695.3466779142
6896.0,0.6046600000000001,286493.8974431773
6897.0,0.657709,311634.460494853
6898.0,0.69095,327390.3100911948
6899.0,0.7075020000000001,335238.8441490099
6900.0,0.735216,348376.64207565744
6901.0,0.7224010000000001,342310.15849267785
6902.0,0.654467,310124.8205748401
6903.0,0.6230180000000001,295227.3884142282
6904.0,0.630171,298621.92809853354
6905.0,0.621861,294688.9069834679
6906.0,0.605953,287155.1080231062
6907.0,0.6032930000000001,285899.2297542183
6908.0,0.613317,290654.29750069394
6909.0,0.586825,278104.07607876987
6910.0,0.588217,278768.2273196024
6911.0,0.659591,312598.81797380775
6912.0,0.661263,313396.17833999795
6913.0,0.57457,272313.540344707
6914.0,0.549707,260533.95260066105
6915.0,0.608715,288505.2960056977
6916.0,0.638865,302799.78415735887
6917.0,0.632359,299720.7443355181
6918.0,0.686133,325213.07173809264
6919.0,0.7454529999999999,353334.86612670653
6920.0,0.724457,343388.1759097352
6921.0,0.6972189999999999,330482.4392725777
6922.0,0.701863,332688.6055927882
6923.0,0.671298,318205.21322628943
6924.0,0.635314,301152.64098105324
6925.0,0.653679,309862.5218107856
6926.0,0.672373,318728.5781578031
6927.0,0.678136,321465.01566996326
6928.0,0.723286,342872.85684439
6929.0,0.773626,366741.6119157448
6930.0,0.781758,370601.7847241105
6931.0,0.7489560000000001,355056.5026339467
6932.0,0.6982619999999999,331028.6047136173
6933.0,0.664669,315107.2842890048
6934.0,0.709375,336306.10867817
6935.0,0.781428,370470.5230724153
6936.0,0.77913,369385.95987387677
6937.0,0.738373,350067.6561713606
6938.0,0.724124,343316.5960403351
6939.0,0.698852,331339.10900945147
6940.0,0.626207,296900.543116893
6941.0,0.579968,274980.9746622908
6942.0,0.587063,278348.45860068453
6943.0,0.58036,275173.7700310455
6944.0,0.591953,280674.00613994396
6945.0,0.647522,307025.78938784805
6946.0,0.691718,327985.5577937295
6947.0,0.742937,352275.87472322554
6948.0,0.794521,376739.81500957167
6949.0,0.784895,372179.87238475756
6950.0,0.7635149999999999,362046.22977203585
6951.0,0.743648,352629.75910729234
6952.0,0.6837989999999999,324253.7841842944
6953.0,0.65153,308955.5565775364
6954.0,0.6981649999999999,331073.653762603
6955.0,0.757981,359442.79207492515
6956.0,0.775984,367984.1327229429
6957.0,0.757684,359309.9664676754
6958.0,0.723476,343091.5744437606
6959.0,0.7064090000000001,335001.5989185702
6960.0,0.696375,330246.7215291309
6961.0,0.676669,320904.83964450913
6962.0,0.682396,323624.2496816232
6963.0,0.724114,343412.4861446435
6964.0,0.767284,363889.7212173437
6965.0,0.757637,359318.2585111506
6966.0,0.724859,343776.40494394326
6967.0,0.735023,348600.36236973223
6968.0,0.76767,364087.53020180983
6969.0,0.793273,376234.13421453914
6970.0,0.8146180000000001,386361.4309373669
6971.0,0.813837,385994.74453098746
6972.0,0.786064,372825.8536919832
6973.0,0.748664,355090.5976082132
6974.0,0.696856,330521.2073299155
6975.0,0.636961,302115.59841826145
6976.0,0.591236,280430.43937981984
6977.0,0.610612,289623.33404044656
6978.0,0.690802,327661.70522684965
6979.0,0.748371,354971.01603514154
6980.0,0.773411,366851.3208920082
6981.0,0.7904909999999999,374956.1030044275
6982.0,0.7779020000000001,368987.8752041273
6983.0,0.727119,344902.5196515901
6984.0,0.7186170000000001,340872.51360238285
6985.0,0.7581829999999999,359643.4183354711
6986.0,0.809318,383902.38331302995
6987.0,0.8470129999999999,401786.346819118
6988.0,0.82301,390403.45931169915
6989.0,0.7515970000000001,356530.74388734414
6990.0,0.681217,323147.4871387256
6991.0,0.674589,320005.81882150867
6992.0,0.713955,338682.47917113005
6993.0,0.7235199999999999,343222.42714005255
6994.0,0.725483,344156.1546792187
6995.0,0.687142,325970.2264174666
6996.0,0.625775,296860.7249980352
6997.0,0.6366689999999999,302030.8401019814
6998.0,0.717576,340414.85163270624
6999.0,0.78257,371250.24902827624
7000.0,0.7788930000000001,369508.36957571993
7001.0,0.763204,362067.87557172903
7002.0,0.77244,366451.87180247874
7003.0,0.798662,378894.2374834032
7004.0,0.800323,379684.63535776705
7005.0,0.7545189999999999,357956.7925898723
7006.0,0.726772,344795.2495585369
7007.0,0.749378,355522.13162228727
7008.0,0.783371,371651.39250653377
7009.0,0.774936,367651.751729436
7010.0,0.7284470000000001,345598.02120179526
7011.0,0.726993,344910.13743628917
7012.0,0.7354069999999999,348903.9513143677
7013.0,0.690967,327821.7693000966
7014.0,0.672446,319036.3808099516
7015.0,0.725871,344385.22414639563
7016.0,0.795474,377409.89168400504
7017.0,0.821835,389918.7361626451
7018.0,0.802906,380939.76843659603
7019.0,0.7566689999999999,359004.2975722555
7020.0,0.7084550000000001,336130.5823918108
7021.0,0.6941689999999999,329354.03067832184
7022.0,0.707821,335832.85165687546
7023.0,0.6843100000000001,324679.25702267804
7024.0,0.623728,295936.66658675415
7025.0,0.601371,285330.2752514608
7026.0,0.5989939999999999,284203.64287318394
7027.0,0.642676,304930.5950127841
7028.0,0.7211890000000001,342184.0177827728
7029.0,0.759256,360247.12626776675
7030.0,0.7668,363827.9161080936
7031.0,0.767084,363963.9907841773
7032.0,0.756337,358866.05224259285
7033.0,0.753742,357636.0091525596
7034.0,0.775353,367891.23993109085
7035.0,0.782239,371159.72811244684
7036.0,0.781879,370990.0802417097
7037.0,0.796409,377885.50222162704
7038.0,0.8149390000000001,386678.8808678085
7039.0,0.839241,398211.0257472723
7040.0,0.8252370000000001,391567.352061448
7041.0,0.7817689999999999,370943.17046269256
7042.0,0.769213,364986.38060221466
7043.0,0.788216,374004.0945354059
7044.0,0.798705,378981.96019954677
7045.0,0.780822,370497.39384557767
7046.0,0.767478,364166.4984798749
7047.0,0.751783,356719.9944755566
7048.0,0.725442,344221.9033525014
7049.0,0.734628,348581.30771137384
7050.0,0.75245,357038.4869357824
7051.0,0.7352029999999999,348855.3472623373
7052.0,0.700181,332237.85933039227
7053.0,0.665754,315902.6178400146
7054.0,0.6403439999999999,303845.9030208104
7055.0,0.628247,298106.20870623423
7056.0,0.597458,283497.01720403763
7057.0,0.55821,264873.919755106
7058.0,0.540046,256255.24941258162
7059.0,0.533162,252988.97418554628
7060.0,0.522781,248063.3173954443
7061.0,0.491723,233326.2381334678
7062.0,0.491704,233317.36336410773
7063.0,0.5359970000000001,254334.86446558687
7064.0,0.544321,258284.77495082005
7065.0,0.496341,235517.9455358054
7066.0,0.458043,217345.27204818558
7067.0,0.468623,222365.59802611155
7068.0,0.486166,230689.9060106471
7069.0,0.469197,222637.95467688338
7070.0,0.457841,217249.3994506532
7071.0,0.486348,230776.14884596292
7072.0,0.515993,244842.85769244135
7073.0,0.547207,259654.0342446447
7074.0,0.561973,266660.4694616341
7075.0,0.542385,257365.64647850304
7076.0,0.51976,246629.7341321881
7077.0,0.514889,244318.2045090993
7078.0,0.512516,243191.97179029247
7079.0,0.499595,237060.63271732448
7080.0,0.45877,217688.69450083326
7081.0,0.409548,194332.36688725417
7082.0,0.419689,199144.05329192666
7083.0,0.4377970000000001,207736.0743524268
7084.0,0.391626,185827.505789383
7085.0,0.344953,163680.78809155125
7086.0,0.354329,168129.42912926603
7087.0,0.363359,172413.8614686991
7088.0,0.35408,168010.65666744698
7089.0,0.344451,163441.3785916358
7090.0,0.408864,194004.8257155261
7091.0,0.573943,272333.7551579773
7092.0,0.6783819999999999,321888.9268499315
7093.0,0.678492,321940.3567463207
7094.0,0.660875,313580.42207031586
7095.0,0.659401,312880.2171002771
7096.0,0.7021390000000001,333158.1516126821
7097.0,0.772487,366536.5860029718
7098.0,0.8266540000000001,392237.1138095483
7099.0,0.8590459999999999,407605.517287094
7100.0,0.849147,402907.35300822224
7101.0,0.789849,374770.17788342136
7102.0,0.721537,342356.1674654069
7103.0,0.713374,338481.8473869841
7104.0,0.738101,350213.1222418511
7105.0,0.738594,350445.80887392524
7106.0,0.749097,355427.9575836068
7107.0,0.7721859999999999,366381.7591878704
7108.0,0.742791,352433.2737938006
7109.0,0.675143,320334.9688521184
7110.0,0.652886,309773.4596996949
7111.0,0.685585,325286.7589269418
7112.0,0.7017939999999999,332975.98810472013
7113.0,0.678516,321930.0410276383
7114.0,0.703075,333580.8974434259
7115.0,0.774612,367520.6978052919
7116.0,0.820902,389481.57660589204
7117.0,0.799297,379229.2014140553
7118.0,0.704348,334178.7394855498
7119.0,0.648454,307658.2786244254
7120.0,0.7075020000000001,335671.8830436308
7121.0,0.7741399999999999,367286.2086321376
7122.0,0.79705,378153.7909517145
7123.0,0.792844,376156.3304031618
7124.0,0.7683,364509.7608655128
7125.0,0.7862239999999999,373011.55333152524
7126.0,0.836976,397087.8588295309
7127.0,0.8203219999999999,389184.5031175842
7128.0,0.770022,365318.654220954
7129.0,0.751292,356430.59480086615
7130.0,0.701642,332873.5162346724
7131.0,0.633175,300389.5630513051
7132.0,0.649954,308347.95670579385
7133.0,0.700563,332355.5871252749
7134.0,0.68733,326075.6589629348
7135.0,0.649542,308146.73571734154
7136.0,0.671411,318519.47984780784
7137.0,0.722467,342738.3742577454
7138.0,0.745974,353887.7587854542
7139.0,0.76052,360785.91995426663
7140.0,0.783029,371461.5262580561
7141.0,0.774861,367584.17467458156
7142.0,0.726183,344489.54953925306
7143.0,0.6920569999999999,328298.4030623449
7144.0,0.68435,324640.02745563246
7145.0,0.675427,320404.8360797948
7146.0,0.6882229999999999,326472.52462834044
7147.0,0.6897220000000001,327181.1723378328
7148.0,0.675639,320498.2524461084
7149.0,0.682339,323674.01869435114
7150.0,0.691559,328045.08323106903
7151.0,0.687231,325989.5262985576
7152.0,0.696924,330584.8110741466
7153.0,0.737657,349903.6502942902
7154.0,0.778265,369162.85423324374
7155.0,0.819219,388585.8317385307
7156.0,0.8430030000000001,399864.15633126296
7157.0,0.8367040000000001,396873.0158221471
7158.0,0.820602,389232.0807328971
7159.0,0.804265,381479.7743168505
7160.0,0.7780279999999999,369031.8287457953
7161.0,0.764145,362443.7252623662
7162.0,0.772725,366510.0977737077
7163.0,0.78325,371498.8866406403
7164.0,0.765659,363152.13092534157
7165.0,0.774691,367432.669438782
7166.0,0.817932,387938.13142235554
7167.0,0.8287190000000001,393050.6684956529
7168.0,0.792946,376080.47733331204
7169.0,0.730313,346371.46145915333
7170.0,0.708635,336086.8526150858
7171.0,0.744204,352952.88795083034
7172.0,0.773614,366897.57017423544
7173.0,0.7584350000000001,359695.1792751355
7174.0,0.755015,358069.66265640984
7175.0,0.79782,378366.3654440092
7176.0,0.811431,384817.50283893954
7177.0,0.7697,365023.0470949827
7178.0,0.742572,352154.2285244691
7179.0,0.743103,352402.3956957365
7180.0,0.752464,356837.9407143294
7181.0,0.762842,361755.6429432478
7182.0,0.7230800000000001,342896.02367340744
7183.0,0.701284,332556.44745166233
7184.0,0.729524,345944.4188805498
7185.0,0.726204,344366.30042271916
7186.0,0.700539,332192.2917319655
7187.0,0.673651,319438.5874585812
7188.0,0.686048,325313.4853802851
7189.0,0.744683,353113.32860775746
7190.0,0.7972130000000001,378017.67879697384
7191.0,0.8261370000000001,391728.203654757
7192.0,0.806168,382255.1214622128
7193.0,0.7405649999999999,351144.5167489562
7194.0,0.717858,340373.83238237794
7195.0,0.7789510000000001,369336.84228888806
7196.0,0.8265979999999999,391923.8353617952
7197.0,0.807614,382918.15696583036
7198.0,0.792018,375519.0112457685
7199.0,0.829073,393083.0940285088
7200.0,0.8652569999999999,410233.7560552865
7201.0,0.861506,408450.29832053796
7202.0,0.8373459999999999,396990.81749525364
7203.0,0.7791140000000001,369378.04752421664
7204.0,0.701028,332353.2732813015
7205.0,0.644001,305313.2283927134
7206.0,0.6236689999999999,295670.2868373723
7207.0,0.651981,309088.5173096298
7208.0,0.682722,323657.8889233478
7209.0,0.68763,325980.36698047206
7210.0,0.690397,327287.7982400406
7211.0,0.726761,344521.8610843512
7212.0,0.782148,370773.1896704087
7213.0,0.8334309999999999,395078.32959532837
7214.0,0.854152,404895.4130474916
7215.0,0.8288409999999999,392891.8483190745
7216.0,0.806843,382459.00132049504
7217.0,0.8156680000000001,386636.89658539835
7218.0,0.804574,381372.91627367353
7219.0,0.740016,350767.1442379484
7220.0,0.662747,314137.27552080347
7221.0,0.617514,292693.02772008826
7222.0,0.613946,290997.7101026978
7223.0,0.663576,314516.80658416497
7224.0,0.723999,343150.7126496662
7225.0,0.783623,371405.06877184357
7226.0,0.7961590000000001,377341.1215044901
7227.0,0.733304,347545.77851237846
7228.0,0.714098,338438.2017896707
7229.0,0.75454,357599.9011230631
7230.0,0.753909,357295.52111745585
7231.0,0.735813,348714.1613548896
7232.0,0.7200340000000001,341231.0778407376
7233.0,0.673833,319331.1295631938
7234.0,0.6110909999999999,289593.1187324463
7235.0,0.5836640000000001,276591.3466539251
7236.0,0.600173,284410.3708901746
7237.0,0.607575,287913.56390318053
7238.0,0.6428560000000001,304627.52961436874
7239.0,0.699569,331496.6792565301
7240.0,0.745625,353315.12376432866
7241.0,0.759645,359952.7978654032
7242.0,0.750765,355739.3875778422
7243.0,0.732996,347314.2216256147
7244.0,0.724698,343376.8515786802
7245.0,0.696956,330226.7604496858
7246.0,0.660643,313016.08412637986
7247.0,0.657474,311509.48530511226
7248.0,0.61757,292598.2476174645
7249.0,0.572344,271166.14328155864
7250.0,0.618566,293060.3994020829
7251.0,0.7183970000000001,340352.0155117527
7252.0,0.767779,363741.3989563637
7253.0,0.7700859999999999,364828.18333836313
7254.0,0.789085,373822.5982533795
7255.0,0.826522,391551.3769334529
7256.0,0.8302229999999999,393297.90617079084
7257.0,0.7564310000000001,358334.55558707035
7258.0,0.655446,310490.81004014483
7259.0,0.6256659999999999,296378.57892032235
7260.0,0.658133,311752.7617949513
7261.0,0.701021,332062.6412930846
7262.0,0.754062,357181.00612117845
7263.0,0.7719729999999999,365658.50962500554
7264.0,0.7622369999999999,361040.4282293124
7265.0,0.788216,373338.9090045174
7266.0,0.787667,373072.140682218
7267.0,0.7611760000000001,360518.35290974635
7268.0,0.779981,369418.29653997405
7269.0,0.80311,380365.7990114181
7270.0,0.7779689999999999,368451.83984920115
7271.0,0.767378,363429.14787803276
7272.0,0.797906,377880.14998918824
7273.0,0.812597,384830.479784379
7274.0,0.7806850000000001,369710.6359196814
7275.0,0.7433489999999999,352022.7214224418
7276.0,0.748621,354512.6427705108
7277.0,0.784945,371706.96594587684
7278.0,0.8040579999999999,380750.57092847174
7279.0,0.818313,387493.40253829036
7280.0,0.85693,405771.7875709507
7281.0,0.8801760000000001,416771.127870027
7282.0,0.871224,412524.26417393796
7283.0,0.8505010000000001,402704.074723888
7284.0,0.8472930000000001,401177.25694248325
7285.0,0.8228540000000001,389598.1844654503
7286.0,0.746999,353675.98915461806
7287.0,0.705327,333939.2328018108
7288.0,0.700942,331856.5257500606
7289.0,0.7010890000000001,331919.47713225125
7290.0,0.7202270000000001,340973.20489105507
7291.0,0.745372,352870.3431155481
7292.0,0.739661,350159.57037124573
7293.0,0.707773,335056.7949681306
7294.0,0.686385,324925.1619490981
7295.0,0.689321,326308.32502874127
7296.0,0.696815,329849.0087874238
7297.0,0.677076,320498.59001223685
7298.0,0.6548,309947.6503574268
7299.0,0.673991,319024.9964592366
7300.0,0.72491,343119.6631279343
7301.0,0.759827,359639.2655386508
7302.0,0.775475,367037.9825669021
7303.0,0.799268,378291.36157109134
7304.0,0.813446,384993.57395271986
7305.0,0.796856,377133.67867172736
7306.0,0.748981,354467.93244191655
7307.0,0.706622,334413.61491262744
7308.0,0.719634,340564.26630803745
7309.0,0.7555029999999999,357531.3826087076
7310.0,0.763149,361141.87586338667
7311.0,0.7414930000000001,350886.01885237475
7312.0,0.7073050000000001,334700.374780203
7313.0,0.6662640000000001,315272.61129000626
7314.0,0.639332,302521.8360840241
7315.0,0.6230399999999999,294806.1694158767
7316.0,0.6185350000000001,292667.9958990216
7317.0,0.648357,306771.802696614
7318.0,0.652471,308711.417312855
7319.0,0.597402,282649.5885649401
7320.0,0.530151,250825.35837855504
7321.0,0.522691,247290.26135420363
7322.0,0.558755,264346.4681702029
7323.0,0.563509,266589.4808839099
7324.0,0.526364,249010.89945997496
7325.0,0.4739020000000001,224187.14686985203
7326.0,0.437121,206782.50559586647
7327.0,0.433698,205158.47362223506
7328.0,0.440696,208463.98237781698
7329.0,0.442359,209245.74454250664
7330.0,0.425056,201056.31902650316
7331.0,0.396178,187392.28407202577
7332.0,0.366903,173541.10144635264
7333.0,0.357057,168880.04642857492
7334.0,0.371578,175743.9753845871
7335.0,0.395476,187042.46414835614
7336.0,0.417214,197318.83785685446
7337.0,0.428785,202786.3962557561
7338.0,0.4232770000000001,200176.65373726434
7339.0,0.413992,195780.84069297864
7340.0,0.406496,192231.23950445218
7341.0,0.41283,195221.81820503634
7342.0,0.4401100000000001,208117.0773003637
7343.0,0.455686,215477.29247055048
7344.0,0.449203,212406.48804172222
7345.0,0.422415,199734.7970124747
7346.0,0.39345,186034.3689424438
7347.0,0.390388,184581.97751720296
7348.0,0.383786,181455.91369971
7349.0,0.34587,163524.94810670306
7350.0,0.327641,154902.51211203454
7351.0,0.368251,174097.77044528298
7352.0,0.41163,194601.11057036175
7353.0,0.403954,190967.38162207918
7354.0,0.396324,187355.56725017694
7355.0,0.423783,200331.23816545293
7356.0,0.42365,200263.23778122265
7357.0,0.380105,179674.50128279976
7358.0,0.324751,153504.87421720833
7359.0,0.282473,133517.2526506274
7360.0,0.279531,132123.22312266933
7361.0,0.32802,155038.0176798337
7362.0,0.437433,206746.46440063155
7363.0,0.512703,242315.41177364797
7364.0,0.47138,222779.3463258359
7365.0,0.388093,183412.1670616611
7366.0,0.327548,154794.60091111122
7367.0,0.274248,129602.33159948316
7368.0,0.210097,99283.63064842146
7369.0,0.148286,70072.29918890637
7370.0,0.10614,50154.93635131785
7371.0,0.114273,53996.620211391426
7372.0,0.185203,87510.32118374828
7373.0,0.28732800000000003,135761.76881048875
7374.0,0.392654,185523.02027178233
7375.0,0.459953,217314.86914103813
7376.0,0.445758,210602.39455093356
7377.0,0.372459,175966.81290829583
7378.0,0.295788,139740.06718975885
7379.0,0.24889,117580.66472021943
7380.0,0.194705,91980.04105279637
7381.0,0.124214,58677.96429654325
7382.0,0.124998,59046.68449716438
7383.0,0.287111,135622.02064986888
7384.0,0.53355,252024.86716076665
7385.0,0.6672560000000001,315172.7160640695
7386.0,0.680887,321602.18485432945
7387.0,0.689779,325792.9656664797
7388.0,0.674746,318683.66640892404
7389.0,0.611613,288857.67479001556
7390.0,0.606089,286240.63523185643
7391.0,0.664986,314047.27852424263
7392.0,0.702284,331652.22739908425
7393.0,0.685036,323497.6401139242
7394.0,0.6468010000000001,305432.99240932125
7395.0,0.606401,286347.0287752938
7396.0,0.630364,297653.94857743743
7397.0,0.6705800000000001,316634.5344083815
7398.0,0.661791,312475.4802987385
7399.0,0.671583,317089.7114511373
7400.0,0.6850109999999999,323420.34533519606
7401.0,0.659602,311414.6608547259
7402.0,0.6228640000000001,294061.1059621337
7403.0,0.650058,306890.67588843685
7404.0,0.701508,331170.32200059335
7405.0,0.672003,317232.12141117157
7406.0,0.623851,294492.30140161084
7407.0,0.646628,305235.2376638117
7408.0,0.69008,325736.67673706287
7409.0,0.6993159999999999,330086.45879358967
7410.0,0.6658149999999999,314264.1256607108
7411.0,0.685321,323461.2249335384
7412.0,0.745757,351975.50882112124
7413.0,0.7237859999999999,341595.5235677804
7414.0,0.659,311009.93192010664
7415.0,0.636245,300261.7716697902
7416.0,0.645763,304744.3065958056
7417.0,0.676499,319239.3000261815
7418.0,0.688021,324666.5894320305
7419.0,0.654687,308927.3091116978
7420.0,0.583979,275553.8349338399
7421.0,0.535505,252673.31060854232
7422.0,0.5632189999999999,265741.70333369373
7423.0,0.609883,287750.102959911
7424.0,0.627757,296174.0692222273
7425.0,0.605996,285898.3835203269
7426.0,0.558346,263409.7168817001
7427.0,0.485387,228982.83542317533
7428.0,0.398082,187790.53562096076
7429.0,0.334167,157634.4215809257
7430.0,0.273789,129148.62800887147
7431.0,0.204854,96628.34013082537
7432.0,0.13337100000000002,62908.26591512401
7433.0,0.074347,35066.78549645658
7434.0,0.0633425,29875.41009811059
7435.0,0.110126,51939.13039019326
7436.0,0.191479,90305.05453933791
7437.0,0.28238,133171.38241708625
7438.0,0.368455,173759.0607069123
7439.0,0.444111,209430.79140933536
7440.0,0.493752,232832.62549751817
7441.0,0.516914,243746.95128588486
7442.0,0.533153,251396.16667383883
7443.0,0.5324760000000001,251068.76954825185
7444.0,0.538486,253894.27113501955
7445.0,0.60328,284435.11253918
7446.0,0.676393,318896.053917901
7447.0,0.686305,323558.5876370273
7448.0,0.662146,312158.5405094952
7449.0,0.665629,313790.18592660804
7450.0,0.690472,325490.87627197814
7451.0,0.686929,323809.9514818295
7452.0,0.639491,301438.23335197574
7453.0,0.6404989999999999,301903.31403636775
7454.0,0.7209300000000001,339803.6301148948
7455.0,0.752201,354531.0528818666
7456.0,0.704134,331864.7413942919
7457.0,0.673596,317461.22582194454
7458.0,0.6953550000000001,327705.04586895934
7459.0,0.725979,342125.8810513796
7460.0,0.7113109999999999,335202.06525292236
7461.0,0.631827,297735.4852015497
7462.0,0.541081,254964.62302590458
7463.0,0.488404,230134.66619835704
7464.0,0.451273,212631.37022165727
7465.0,0.385272,181526.71907674757
7466.0,0.283717,133672.9583477718
7467.0,0.174982,82439.7437405287
7468.0,0.0997397,46989.014610751525
7469.0,0.10235,48217.10338385514
7470.0,0.181657,85575.68101231474
7471.0,0.28275700000000004,133197.63526428872
7472.0,0.371285,174894.21449456972
7473.0,0.44731,210698.52881268584
7474.0,0.518957,244438.2093588011
7475.0,0.601191,283162.0057175407
7476.0,0.669629,315385.35294876376
7477.0,0.706499,332738.87331344484
7478.0,0.7381479999999999,347632.30517964944
7479.0,0.773788,364404.1621574572
7480.0,0.795033,374395.9295462254
7481.0,0.759364,357586.0420961937
7482.0,0.689078,324476.68536410603
7483.0,0.688589,324234.8690773111
7484.0,0.758372,357080.7346214864
7485.0,0.800663,376980.0330720277
7486.0,0.77851,366536.4846023117
7487.0,0.760048,357831.3842207715
7488.0,0.793474,373554.92683520564
7489.0,0.81672,384484.89801724855
7490.0,0.816656,384440.8658278283
7491.0,0.8364370000000001,393738.50370330433
7492.0,0.8604700000000001,405036.9207338231
7493.0,0.84998,400084.55106966285
7494.0,0.7996770000000001,376393.26416034484
7495.0,0.769788,362311.8213428843
7496.0,0.7824399999999999,368253.18268219905
7497.0,0.7784939999999999,366382.56483946793
7498.0,0.759408,357386.98134044476
7499.0,0.770854,362760.2473955649
7500.0,0.780436,367255.9320688525
7501.0,0.78085,367437.15772205114
7502.0,0.825182,388283.65124511294
7503.0,0.871835,410220.65776749223
7504.0,0.8568629999999999,403160.9427196645
7505.0,0.793713,373434.4312386481
7506.0,0.75963,357385.3471683889
7507.0,0.790003,371661.1037203948
7508.0,0.8408610000000001,395572.67704337183
7509.0,0.862899,405924.92053021013
7510.0,0.876122,412129.7580411321
7511.0,0.8781260000000001,413056.8525368217
7512.0,0.8536879999999999,401546.4091237315
7513.0,0.847477,398609.8555764206
7514.0,0.8539260000000001,401627.88511170377
7515.0,0.852777,401072.2155137418
7516.0,0.8376899999999999,393961.58324206923
7517.0,0.8093359999999999,380612.2955436842
7518.0,0.807495,379731.9827470511
7519.0,0.819146,385196.2028642322
7520.0,0.814422,382960.07034873695
7521.0,0.821938,386479.390409317
7522.0,0.8491270000000001,399248.3969329421
7523.0,0.8566549999999999,402772.3997567893
7524.0,0.820948,385969.14106185123
7525.0,0.788891,370883.13830412104
7526.0,0.807654,379689.4737143075
7527.0,0.8412649999999999,395475.0764798884
7528.0,0.857231,402964.90343226574
7529.0,0.848167,398688.5379966399
7530.0,0.799339,375721.782619418
7531.0,0.759871,357156.2066888682
7532.0,0.753395,354098.42340187595
7533.0,0.7366550000000001,346216.92618966696
7534.0,0.722685,339637.8317583492
7535.0,0.748236,351632.0481876122
7536.0,0.805017,378301.185248423
7537.0,0.851927,400329.6900026662
7538.0,0.8795700000000001,413303.00359034044
7539.0,0.8734219999999999,410397.761732183
7540.0,0.830076,390015.06737306
7541.0,0.81172,381375.16997913795
7542.0,0.8333360000000001,391515.4624378365
7543.0,0.832938,391312.77493459336
7544.0,0.798669,375198.1789896438
7545.0,0.753146,353798.1678799965
7546.0,0.745838,350351.024773569
7547.0,0.78742,369868.8651735541
7548.0,0.807342,379211.3221191948
7549.0,0.808562,379768.95585491206
7550.0,0.830259,389943.85245776863
7551.0,0.863605,405588.8007331334
7552.0,0.870131,408637.04655990854
7553.0,0.8483649999999999,398398.8675529469
7554.0,0.8292799999999999,389420.4631541068
7555.0,0.824783,387292.843347588
7556.0,0.833766,391494.90450297215
7557.0,0.8353950000000001,392243.6616208596
7558.0,0.8230930000000001,386451.56418218376
7559.0,0.8309479999999999,390123.4667453907
7560.0,0.8697020000000001,408301.27100262814
7561.0,0.897241,421212.62250207464
7562.0,0.8714379999999999,409082.3407103968
7563.0,0.810929,380661.5488276167
7564.0,0.785543,368729.6407532604
7565.0,0.78285,367450.2272849907
7566.0,0.751119,352541.7515315686
7567.0,0.7566689999999999,355131.8026186711
7568.0,0.8284600000000001,388809.57468990894
7569.0,0.887875,416676.47881449346
7570.0,0.8897930000000001,417559.0128557208
7571.0,0.8527610000000001,400163.88958938164
7572.0,0.839361,393859.21285122266
7573.0,0.8504120000000001,399027.86768618785
7574.0,0.8318969999999999,390323.76987496443
7575.0,0.802207,376377.3250682752
7576.0,0.783984,367811.864986868
7577.0,0.75953,356323.9117980779
7578.0,0.7626689999999999,357781.26706737385
7579.0,0.8133729999999999,381551.0848892213
7580.0,0.8664569999999999,406435.2447372071
7581.0,0.8963129999999999,420421.9835703795
7582.0,0.8840879999999999,414669.94649099093
7583.0,0.8288030000000001,388722.5110348959
7584.0,0.77256,362327.98303313355
7585.0,0.775416,363651.73656004027
7586.0,0.836132,392109.1449144432
7587.0,0.8970879999999999,420676.605706356
7588.0,0.936377,439081.56928483816
7589.0,0.948051,444536.36692769005
7590.0,0.938947,440248.3813268474
7591.0,0.919571,431144.66730480565
7592.0,0.895999,420074.4901140103
7593.0,0.894468,419338.3604609883
7594.0,0.897565,420771.8366774317
7595.0,0.8697440000000001,407711.6626052499
7596.0,0.84711,397084.0195900992
7597.0,0.862609,404331.3936280654
7598.0,0.88871,416547.36392344907
7599.0,0.891649,417906.44129317184
7600.0,0.854377,400419.7320330584
7601.0,0.792849,371567.01866329357
7602.0,0.76932,360524.1985242655
7603.0,0.7985,374182.10063302587
7604.0,0.8303450000000001,389087.5401036007
7605.0,0.848577,397613.0541669711
7606.0,0.858332,402165.93433393765
7607.0,0.859226,402566.7993182898
7608.0,0.856015,401044.3999691608
7609.0,0.830501,389073.5856919088
7610.0,0.8126899999999999,380712.36215107265
7611.0,0.8352350000000001,391256.1641343591
7612.0,0.8659950000000001,405647.03549349384
7613.0,0.8879879999999999,415930.1494356996
7614.0,0.8952610000000001,419317.8242585619
7615.0,0.89754,420366.2033575822
7616.0,0.904529,423620.30278946407
7617.0,0.890609,417082.1573035993
7618.0,0.8399909999999999,393359.2747339574
7619.0,0.796859,373143.98315993225
7620.0,0.7993899999999999,374312.0781816968
7621.0,0.806469,377609.5299044614
7622.0,0.802819,375883.2887682386
7623.0,0.802243,375596.3725871165
7624.0,0.813077,380651.1758652854
7625.0,0.829915,388516.1978325849
7626.0,0.8301219999999999,388595.19404136116
7627.0,0.811238,379737.7233058686
7628.0,0.794929,372086.33629712014
7629.0,0.8000109999999999,374447.7576063315
7630.0,0.807041,377720.658569512
7631.0,0.795552,372326.1545689795
7632.0,0.763003,357076.29644460644
7633.0,0.740644,346596.40824030194
7634.0,0.731698,342394.0107247322
7635.0,0.757782,354583.3088618918
7636.0,0.799372,374026.70993193256
7637.0,0.806674,377425.63636557735
7638.0,0.806071,377125.8088237042
7639.0,0.811234,379523.51794387854
7640.0,0.810127,378987.78797034844
7641.0,0.7969970000000001,372827.8329255301
7642.0,0.759798,355409.7078242041
7643.0,0.712651,333340.05984712194
7644.0,0.705281,329877.1504151811
7645.0,0.741783,346933.57857953414
7646.0,0.773656,361823.47253329115
7647.0,0.780169,364852.12366982386
7648.0,0.760825,355788.8083584538
7649.0,0.723799,338457.99407274375
7650.0,0.707591,330863.11714590463
7651.0,0.723633,338348.02801783645
7652.0,0.7339899999999999,343174.19841204176
7653.0,0.73315,342765.01853564905
7654.0,0.7221810000000001,337620.5331263063
7655.0,0.7218859999999999,337466.3866771353
7656.0,0.724653,338743.58206999936
7657.0,0.7252310000000001,338997.4177867558
7658.0,0.7419479999999999,346794.75306641776
7659.0,0.771343,360516.8613921177
7660.0,0.78665,367653.36501149635
7661.0,0.772682,361107.6783391492
7662.0,0.7594270000000001,354895.8010615911
7663.0,0.753564,352138.76758773916
7664.0,0.749901,350409.9825257163
7665.0,0.760309,355256.0467371505
7666.0,0.754208,352388.12297764356
7667.0,0.723186,337877.2014079465
7668.0,0.73021,341142.1444522991
7669.0,0.765691,357700.7348709136
7670.0,0.779695,364224.9568163273
7671.0,0.764785,357242.35548492096
7672.0,0.710249,331751.439247434
7673.0,0.6643,310273.73192994617
7674.0,0.6727420000000001,314201.2014918724
7675.0,0.706973,330172.30396598903
7676.0,0.724596,338385.8761680603
7677.0,0.701522,327594.0795587872
7678.0,0.6759430000000001,315633.6140370377
7679.0,0.681926,318411.5529158684
7680.0,0.675763,315518.1462437714
7681.0,0.674452,314890.32317817694
7682.0,0.706889,330018.1285299258
7683.0,0.732279,341854.6011638246
7684.0,0.743278,346971.95656277507
7685.0,0.7455579999999999,348018.83471382083
7686.0,0.709802,331311.65995001735
7687.0,0.662961,309432.29681919375
7688.0,0.65445,305444.4659758963
7689.0,0.668326,311904.9343507511
7690.0,0.68863,321364.4979353103
7691.0,0.697635,325550.4201147699
7692.0,0.6929609999999999,323352.9323909469
7693.0,0.697079,325258.0037282652
7694.0,0.677294,316010.25304660486
7695.0,0.6227060000000001,290525.9426850653
7696.0,0.58753,274100.4887176067
7697.0,0.6074189999999999,283364.8648951747
7698.0,0.652442,304352.8503324131
7699.0,0.6951229999999999,324246.2244465841
7700.0,0.727013,339104.24232888775
7701.0,0.724313,337827.5581591235
7702.0,0.719325,335483.88765104354
7703.0,0.7236899999999999,337502.3286342667
7704.0,0.709831,331021.97416406136
7705.0,0.6899810000000001,321748.56982873863
7706.0,0.689474,321495.56701071176
7707.0,0.705079,328755.0616029562
7708.0,0.7349479999999999,342664.27149961505
7709.0,0.744011,346871.8711428844
7710.0,0.71539,333510.9344561916
7711.0,0.683086,318434.45519996964
7712.0,0.665289,310121.90202161286
7713.0,0.641766,299141.1779685026
7714.0,0.592118,275984.7769937674
7715.0,0.530662,247327.37829452855
7716.0,0.5499,256280.30702659432
7717.0,0.662453,308719.36313474155
7718.0,0.75515,351900.00967554806
7719.0,0.813192,378927.7178014806
7720.0,0.8633770000000001,402291.58433308784
7721.0,0.867024,403969.6691506432
7722.0,0.817651,380945.41387818917
7723.0,0.766149,356931.7041711452
7724.0,0.7483310000000001,348612.29765328387
7725.0,0.741204,345273.9177013756
7726.0,0.702309,327138.21130463574
7727.0,0.689621,321211.07634972164
7728.0,0.766324,356918.80230833683
7729.0,0.824998,384226.07279805705
7730.0,0.806379,375534.68291496276
7731.0,0.77913,362825.3722747431
7732.0,0.765329,356379.52343064424
7733.0,0.769563,358331.9831694448
7734.0,0.803808,374257.49909763166
7735.0,0.785108,365531.11713905423
7736.0,0.68947,320986.7167190402
7737.0,0.654107,304506.936527828
7738.0,0.709763,330398.774132959
7739.0,0.7723140000000001,359497.29640698974
7740.0,0.812715,378282.8197014431
7741.0,0.815788,379692.69985527685
7742.0,0.7414189999999999,345060.47021463636
7743.0,0.684908,318742.71886743035
7744.0,0.741807,345203.7206214898
7745.0,0.815288,379377.93577867013
7746.0,0.809978,376886.59598857793
7747.0,0.730058,339680.9994522704
7748.0,0.645893,300504.41779912455
7749.0,0.618158,287584.94153877074
7750.0,0.665405,309548.74226661114
7751.0,0.753657,350584.756338648
7752.0,0.799678,371972.4018995608
7753.0,0.7601939999999999,353586.97546294064
7754.0,0.693592,322590.905452003
7755.0,0.6699890000000001,311596.0264968818
7756.0,0.732545,340670.64496095286
7757.0,0.8089850000000001,376198.4579104833
7758.0,0.777615,361590.7237736988
7759.0,0.719792,334684.6140082227
7760.0,0.710368,330284.4858002566
7761.0,0.701906,326332.07631439145
7762.0,0.718102,333843.513105531
7763.0,0.7560600000000001,351470.626558178
7764.0,0.7562770000000001,351552.0269168777
7765.0,0.772151,358911.0780621398
7766.0,0.790694,367509.82321980305
7767.0,0.7415,344625.58737919695
7768.0,0.708332,329191.83388986636
7769.0,0.715508,332508.2951098828
7770.0,0.686542,319029.5211846032
7771.0,0.656593,305095.4651517441
7772.0,0.667804,310287.46762389614
7773.0,0.657516,305490.16361797834
7774.0,0.598633,278116.7964970518
7775.0,0.597969,277792.72302117955
7776.0,0.680489,316110.48934008094
7777.0,0.762221,354057.8944604028
7778.0,0.7786649999999999,361675.9020637261
7779.0,0.6944819999999999,322556.22803763615
7780.0,0.589809,273924.7815401014
7781.0,0.609753,283171.36697903764
7782.0,0.695336,322898.1386116197
7783.0,0.749255,347917.1870985007
7784.0,0.728816,338407.1349542037
7785.0,0.626138,290714.72232192726
7786.0,0.56414,261914.2825459428
7787.0,0.6106199999999999,283477.5091513907
7788.0,0.656964,304975.12846071116
7789.0,0.619962,287781.69194069016
7790.0,0.577076,267859.0449200027
7791.0,0.592298,274908.87067909015
7792.0,0.657664,305230.3494088352
7793.0,0.714928,331788.3094710907
7794.0,0.698419,324108.1261303415
7795.0,0.652149,302618.7134258321
7796.0,0.604904,280679.3421780583
7797.0,0.5381100000000001,249672.13478000247
7798.0,0.489422,227068.81297859608
7799.0,0.431291,200087.22478985175
7800.0,0.390739,181263.62496565373
7801.0,0.413878,191986.70255843728
7802.0,0.428617,198812.22234224135
7803.0,0.408559,189497.42893092302
7804.0,0.403663,187215.71823327895
7805.0,0.422603,195988.56712748425
7806.0,0.449539,208468.4353902407
7807.0,0.43409,201292.43578325768
7808.0,0.369501,171331.81147754262
7809.0,0.32788,152023.94637793588
7810.0,0.31546,146256.78898392245
7811.0,0.316585,146769.79969032583
7812.0,0.35141,162905.25288856283
7813.0,0.436459,202320.0869821592
7814.0,0.548849,254403.43852040183
7815.0,0.6890729999999999,319381.5729540799
7816.0,0.8324530000000001,385814.76160110516
7817.0,0.897191,415794.2636921911
7818.0,0.898416,416337.47429827746
7819.0,0.895943,415166.99370963237
7820.0,0.8759299999999999,405869.32125474495
7821.0,0.82883,384022.47740043997
7822.0,0.75195,348381.0129546612
7823.0,0.611178,283144.10930176167
7824.0,0.523805,242651.92112387606
7825.0,0.558084,258516.29043582716
7826.0,0.652302,302142.12265137996
7827.0,0.747164,346061.03251744894
7828.0,0.788763,365306.5494515968
7829.0,0.784151,363148.9306123421
7830.0,0.7744300000000001,358625.6519081607
7831.0,0.792552,366995.74985064025
7832.0,0.813525,376684.9172721276
7833.0,0.8022050000000001,371421.230109359
7834.0,0.791149,366280.37298242794
7835.0,0.817271,378351.4743935603
7836.0,0.8225299999999999,380763.2626350366
7837.0,0.7456050000000001,345132.6355821409
7838.0,0.671036,310596.7683348023
7839.0,0.659013,305013.43130672653
7840.0,0.67056,310339.07988031127
7841.0,0.697465,322771.4096771271
7842.0,0.736175,340664.98218210327
7843.0,0.741609,343158.8326495353
7844.0,0.749428,346755.8844222106
7845.0,0.8013359999999999,370750.96159384697
7846.0,0.8189390000000001,378872.31076372904
7847.0,0.789732,365337.8786535913
7848.0,0.78951,365213.00050161505
7849.0,0.831405,384569.48928972834
7850.0,0.808689,374039.35756267054
7851.0,0.703166,325212.45969329024
7852.0,0.6247510000000001,288928.1070518898
7853.0,0.6429729999999999,297337.07247467234
7854.0,0.6829069999999999,315784.8968946358
7855.0,0.6761229999999999,312628.7682296051
7856.0,0.679053,313964.33301543584
7857.0,0.717154,331560.24543452257
7858.0,0.717443,331673.51142420765
7859.0,0.6801550000000001,314415.98173337517
7860.0,0.699605,323387.27587774163
7861.0,0.763389,352849.25076245813
7862.0,0.759836,351185.37352205947
7863.0,0.708986,327663.02654051123
7864.0,0.7297739999999999,337249.5384419488
7865.0,0.785233,362856.3204091047
7866.0,0.759944,351148.55459515785
7867.0,0.709163,327663.81380345736
7868.0,0.72823,336452.7415310653
7869.0,0.748251,345681.2922135896
7870.0,0.711001,328451.9323892509
7871.0,0.683074,315531.24939924607
7872.0,0.692841,320022.99681246787
7873.0,0.691535,319399.8683250419
7874.0,0.647705,299137.42414242984
7875.0,0.617935,285370.5818745779
7876.0,0.651512,300858.09784942685
7877.0,0.707138,326524.9076953774
7878.0,0.740596,341952.9293300219
7879.0,0.7511760000000001,346816.2760449413
7880.0,0.750019,346260.3839715083
7881.0,0.751855,347086.2272751625
7882.0,0.727194,335680.6416957982
7883.0,0.674258,311225.2415707937
7884.0,0.647022,298634.8042566197
7885.0,0.651511,300687.7726602683
7886.0,0.685453,316332.86357551266
7887.0,0.71659,330681.54958377336
7888.0,0.733925,338659.6580434653
7889.0,0.719792,332117.17596813495
7890.0,0.693863,320133.08600351424
7891.0,0.70233,324019.04356072476
7892.0,0.733362,338314.16122683027
7893.0,0.741534,342062.3497986631
7894.0,0.712271,328542.73970411025
7895.0,0.6891729999999999,317868.3195964985
7896.0,0.7119979999999999,328375.02473851305
7897.0,0.7501399999999999,345944.15410004015
7898.0,0.751606,346598.1269402586
7899.0,0.7249680000000001,334292.8479971331
7900.0,0.710387,327548.41482537345
7901.0,0.7493770000000001,345503.9993557796
7902.0,0.807792,372412.68359997286
7903.0,0.814013,375256.6758749192
7904.0,0.774841,357175.6335785777
7905.0,0.760371,350482.94871560857
7906.0,0.787784,363095.2750750624
7907.0,0.792767,365368.4742385847
7908.0,0.767189,353557.38689633773
7909.0,0.766109,353036.9210074613
7910.0,0.8052010000000001,371027.2918095967
7911.0,0.847772,390618.2966330318
7912.0,0.872225,401859.2598226895
7913.0,0.8723559999999999,401893.6205919212
7914.0,0.8385020000000001,386272.1060333522
7915.0,0.790464,364118.88066045684
7916.0,0.778335,358508.53240037407
7917.0,0.788115,362989.7287987415
7918.0,0.810415,373236.4025235439
7919.0,0.8635229999999999,397669.4134251986
7920.0,0.895682,412452.4190098608
7921.0,0.873041,402000.2764092338
7922.0,0.8495719999999999,391168.23492431047
7923.0,0.869876,400490.658430005
7924.0,0.895623,412317.6308730659
7925.0,0.8887149999999999,409110.6438176279
7926.0,0.864409,397895.58742139343
7927.0,0.842339,387711.15879588935
7928.0,0.855377,393686.4646283426
7929.0,0.87569,403009.0537706057
7930.0,0.867943,399417.5002333124
7931.0,0.87845,404226.1243636773
7932.0,0.905621,416701.6648723457
7933.0,0.903412,415657.8633633695
7934.0,0.862324,396727.21038673754
7935.0,0.819472,376987.52379032486
7936.0,0.844199,388337.2134890088
7937.0,0.910851,418969.8858928098
7938.0,0.945047,434670.4769356271
7939.0,0.9403,432458.475725619
7940.0,0.917255,421831.76551855856
7941.0,0.8811620000000001,405206.2571122656
7942.0,0.8384860000000001,385555.9089366097
7943.0,0.812643,373647.84828302363
7944.0,0.8239280000000001,378811.4194528928
7945.0,0.869841,399893.8849414452
7946.0,0.900934,414160.7404573431
7947.0,0.8938389999999999,410871.7565162487
7948.0,0.8867659999999999,407593.2976148818
7949.0,0.885467,406969.0360589436
7950.0,0.872157,400824.8318465516
7951.0,0.877001,403024.05883496057
7952.0,0.9003190000000001,413712.0871925756
7953.0,0.901456,414206.78895668074
7954.0,0.870862,400122.4130415362
7955.0,0.847384,389309.16916650406
7956.0,0.864217,397015.97943585244
7957.0,0.8891879999999999,408460.02407533233
7958.0,0.890811,409178.01869338314
7959.0,0.875323,402036.79031597293
7960.0,0.8640049999999999,396811.655851708
7961.0,0.8471129999999999,389027.4029327426
7962.0,0.845615,388313.225902397
7963.0,0.8765270000000001,402481.048021983
7964.0,0.8915959999999999,409372.67908807565
7965.0,0.8923709999999999,409700.7639028072
7966.0,0.8950899999999999,410921.2373549304
7967.0,0.887043,407199.3597073074
7968.0,0.859366,394467.37207633705
7969.0,0.837565,384434.1160631339
7970.0,0.848941,389629.0819962567
7971.0,0.8729819999999999,400635.63608213596
7972.0,0.902488,414148.534931325
7973.0,0.925131,424510.3741473824
7974.0,0.936726,429801.57687701605
7975.0,0.933464,428275.60171626066
7976.0,0.927376,425453.3212701857
7977.0,0.939805,431125.88382084656
7978.0,0.953886,437555.4290075046
7979.0,0.952983,437111.2518449746
7980.0,0.941447,431790.3319094926
7981.0,0.912243,418367.3249696909
7982.0,0.8799610000000001,403534.6193597196
7983.0,0.8943979999999999,410126.96523771435
7984.0,0.929839,426349.1176833974
7985.0,0.94601,433733.95157861075
7986.0,0.944288,432914.5858495086
7987.0,0.933038,427727.4380657611
7988.0,0.913471,418728.5269938213
7989.0,0.886059,406134.990437743
7990.0,0.883293,404839.1568160778
7991.0,0.91284,418352.4502559392
7992.0,0.933695,427880.5985864979
7993.0,0.923362,423115.9931336937
7994.0,0.8932540000000001,409291.0713310725
7995.0,0.878534,402518.37175946595
7996.0,0.882866,404475.04627906333
7997.0,0.8973549999999999,411084.4142687506
7998.0,0.921565,422145.78279956256
7999.0,0.932729,427229.95573437324
8000.0,0.915015,419086.95124796673
8001.0,0.8858659999999999,405708.0667905
8002.0,0.899109,411744.31724165595
8003.0,0.943337,431968.1959974707
8004.0,0.966775,442669.83169209707
8005.0,0.965949,442260.64697559236
8006.0,0.954854,437150.1506828913
8007.0,0.945092,432650.57379658613
8008.0,0.942407,431391.1309821527
8009.0,0.952108,435801.188551082
8010.0,0.96165,440137.82667892234
8011.0,0.953101,436194.336077476
8012.0,0.937178,428876.8411529301
8013.0,0.928823,425023.4189643511
8014.0,0.92242,422063.6736838701
8015.0,0.916168,419173.4070766322
8016.0,0.922081,421848.969738224
8017.0,0.919053,420433.93999547535
8018.0,0.906332,414585.1969482759
8019.0,0.915946,418953.27518228296
8020.0,0.929269,425017.0834706236
8021.0,0.922967,422104.8128685663
8022.0,0.8872200000000001,405727.6661719926
8023.0,0.8702559999999999,397941.7178257775
8024.0,0.8894629999999999,406695.5788947322
8025.0,0.90186,412334.6060168032
8026.0,0.906775,414552.2433838106
8027.0,0.890525,407094.18127755943
8028.0,0.8642920000000001,395073.8593034938
8029.0,0.865073,395402.63358771824
8030.0,0.8845870000000001,404293.0979313954
8031.0,0.888759,406170.8353265112
8032.0,0.8822059999999999,403147.2088539516
8033.0,0.844398,385842.219969174
8034.0,0.8047449999999999,367696.6862431321
8035.0,0.808667,369462.1921622423
8036.0,0.850584,388585.25741959625
8037.0,0.91716,418970.09084734553
8038.0,0.956404,436865.8324099074
8039.0,0.957271,437230.40422802063
8040.0,0.943255,430797.62472972163
8041.0,0.930508,424945.2737446104
8042.0,0.934009,426513.35754076333
8043.0,0.936422,427584.39203279937
8044.0,0.911719,416274.5660046329
8045.0,0.895651,408908.65020279615
8046.0,0.914774,417609.031697428
8047.0,0.930878,424930.0066255443
8048.0,0.901967,411702.80067620287
8049.0,0.8407459999999999,383730.65768975293
8050.0,0.834303,380762.33792363363
8051.0,0.881086,402084.1441585375
8052.0,0.891863,406972.6622881458
8053.0,0.8780309999999999,400631.74524141324
8054.0,0.870662,397240.4771632261
8055.0,0.8759819999999999,399638.62713882833
8056.0,0.8975420000000001,409444.84151902696
8057.0,0.93188,425078.30304185924
8058.0,0.947079,431979.81454976497
8059.0,0.945903,431411.90486651484
8060.0,0.945766,431317.88953185
8061.0,0.945755,431281.32020292705
8062.0,0.933953,425868.21542292985
8063.0,0.907237,413655.8212671639
8064.0,0.8999879999999999,410320.543981603
8065.0,0.923338,420935.3362031862
8066.0,0.947179,431772.3676202615
8067.0,0.96063,437871.83854579146
8068.0,0.963187,439005.0771596282
8069.0,0.959685,437376.7315458933
8070.0,0.932541,424974.5442319809
8071.0,0.878072,400122.6166681392
8072.0,0.865137,394199.2776949003
8073.0,0.913628,416263.45197254885
8074.0,0.949901,432758.0389811053
8075.0,0.949137,432378.00975906383
8076.0,0.9357,426225.27076717035
8077.0,0.929593,423412.0937021486
8078.0,0.934988,425837.8640439149
8079.0,0.934008,425359.98734568234
8080.0,0.920922,419369.3275228038
8081.0,0.919613,418742.1421942435
8082.0,0.920905,419299.2920345736
8083.0,0.903264,411236.5488583282
8084.0,0.90066,410020.4917405726
8085.0,0.924068,420645.5287130566
8086.0,0.941718,428648.05045637867
8087.0,0.952202,433387.8008458964
8088.0,0.95203,433277.1794114878
8089.0,0.938045,426880.6010057803
8090.0,0.926498,421594.34219862666
8091.0,0.925994,421333.4878002425
8092.0,0.9186,417937.8856843193
8093.0,0.918764,417981.1929208561
8094.0,0.93641,425977.1089766719
8095.0,0.953667,433794.85608749156
8096.0,0.962674,437859.005409533
8097.0,0.963503,438203.14714166
8098.0,0.962364,437652.22791893256
8099.0,0.96059,436812.60964367876
8100.0,0.945943,430119.7459536216
8101.0,0.927085,421513.2695599775
8102.0,0.913343,415233.9568956004
8103.0,0.912225,414694.3942052501
8104.0,0.93184,423579.32838033733
8105.0,0.945028,429541.6443840085
8106.0,0.947479,430623.1360762418
8107.0,0.952819,433017.371331219
8108.0,0.963335,437763.321356765
8109.0,0.971151,441281.6726145612
8110.0,0.967692,439676.6013421838
8111.0,0.956739,434667.0624351296
8112.0,0.952583,432746.0466854343
8113.0,0.952792,432808.10908995813
8114.0,0.958345,435297.4770556394
8115.0,0.958837,435487.8186332706
8116.0,0.946487,429845.9267311696
8117.0,0.946069,429623.35929178004
8118.0,0.95154,432074.8749990512
8119.0,0.950532,431584.23419408075
8120.0,0.954761,433471.29456577776
8121.0,0.964643,437924.36509781826
8122.0,0.971091,440817.89623179595
8123.0,0.972665,441498.6202711592
8124.0,0.970001,440255.7071357094
8125.0,0.959937,435654.5674160884
8126.0,0.953848,432857.96952848055
8127.0,0.954281,433021.2435763589
8128.0,0.942159,427487.8595335792
8129.0,0.923705,419082.4887210313
8130.0,0.933295,423400.89479748014
8131.0,0.958569,434833.3063186772
8132.0,0.960488,435670.27697494003
8133.0,0.950653,431175.9760882609
8134.0,0.953227,432310.1060051742
8135.0,0.955389,433257.1986981158
8136.0,0.947279,429546.2533209429
8137.0,0.943679,427880.7696972055
8138.0,0.950601,430986.0107213319
8139.0,0.959118,434813.83570350724
8140.0,0.9671,438398.5206878109
8141.0,0.975844,442328.02228181454
8142.0,0.976494,442588.3462424119
8143.0,0.973682,441279.6009384819
8144.0,0.970471,439790.2172927234
8145.0,0.955545,432992.54232588504
8146.0,0.934175,423276.11204677424
8147.0,0.930072,421384.26324001525
8148.0,0.941204,426394.61181113194
8149.0,0.955259,432728.2619878392
8150.0,0.95955,434638.1943825428
8151.0,0.945182,428096.67378715577
8152.0,0.933525,422783.93291597377
8153.0,0.933569,422770.8462993798
8154.0,0.922353,417658.9947590418
8155.0,0.909687,411891.38168647967
8156.0,0.903103,408878.2613743336
8157.0,0.909454,411721.42840573716
8158.0,0.941646,426261.7600191042
8159.0,0.970827,439436.88341357023
8160.0,0.979798,443462.7416994318
8161.0,0.974968,441242.013257219
8162.0,0.963217,435889.6117052084
8163.0,0.957321,433187.4113662398
8164.0,0.963693,436036.4397886311
8165.0,0.966812,437413.24486821226
8166.0,0.947582,428679.280924682
8167.0,0.912788,412906.18152865226
8168.0,0.901369,407708.5596726578
8169.0,0.915071,413873.6054143647
8170.0,0.923913,417839.7185303298
8171.0,0.939674,424934.05185759417
8172.0,0.955867,432222.5802418241
8173.0,0.956709,432569.08654223423
8174.0,0.956605,432487.8197370573
8175.0,0.959238,433643.8596185233
8176.0,0.961151,434474.22574762255
8177.0,0.958255,433130.76952821744
8178.0,0.948352,428620.5924774823
8179.0,0.938201,423999.0288236153
8180.0,0.932129,421221.4416868603
8181.0,0.921905,416568.166409926
8182.0,0.914404,413145.9130390756
8183.0,0.929871,420100.7534850454
8184.0,0.948546,428503.66896459507
8185.0,0.957311,432428.75538517954
8186.0,0.961338,434213.15061053424
8187.0,0.962275,434601.66907096276
8188.0,0.966394,436427.1034132935
8189.0,0.968693,437430.3678536505
8190.0,0.960645,433761.4505327267
8191.0,0.949944,428895.2783049686
8192.0,0.951898,429743.0763991046
8193.0,0.959218,433013.04966093856
8194.0,0.960739,433664.88180662546
8195.0,0.960277,433421.5563111676
8196.0,0.956429,431650.09473700623
8197.0,0.948953,428241.65621083684
8198.0,0.944487,426191.97871714673
8199.0,0.949597,428463.34993925266
8200.0,0.960042,433141.31834554265
8201.0,0.961487,433758.3134068828
8202.0,0.947882,427586.18296286144
8203.0,0.933382,421011.32458448294
8204.0,0.939021,423520.66806084674
8205.0,0.95024,428546.0907951385
8206.0,0.945814,426515.5522880908
8207.0,0.929543,419144.2376792298
8208.0,0.91847,414117.75443931774
8209.0,0.919127,414380.42982112936
8210.0,0.931055,419724.0598426732
8211.0,0.947568,427133.57230503316
8212.0,0.954932,430418.11455623043
8213.0,0.943719,425329.53624560015
8214.0,0.921839,415434.5856253168
8215.0,0.918865,414060.67626566417
8216.0,0.942949,424878.9020969977
8217.0,0.964019,434337.3904643132
8218.0,0.968246,436206.34260529873
8219.0,0.965425,434900.0163130105
8220.0,0.964966,434657.81383411656
8221.0,0.9632,433826.95104383526
8222.0,0.958463,431658.16480494087
8223.0,0.96216,433287.7761206676
8224.0,0.971432,437427.4710896215
8225.0,0.976002,439449.3674299816
8226.0,0.972302,437747.6073682198
8227.0,0.961953,433052.8483082139
8228.0,0.955692,430199.0222377058
8229.0,0.959669,431953.8359739588
8230.0,0.961793,432874.35738890263
8231.0,0.95381,429246.2171236374
8232.0,0.945349,425403.5499479294
8233.0,0.938328,422209.43134735647
8234.0,0.937434,421772.48796935217
8235.0,0.93942,422631.26227336004
8236.0,0.92665,416851.9100690773
8237.0,0.926302,416661.04107979656
8238.0,0.953481,428851.11318928184
8239.0,0.972103,437190.75111783674
8240.0,0.971294,436790.86865318683
8241.0,0.966177,434453.8800545393
8242.0,0.96787,435179.20377446525
8243.0,0.974485,438117.2576734283
8244.0,0.977893,439613.08987176203
8245.0,0.978319,439768.1986471007
8246.0,0.980891,440887.8343264851
8247.0,0.986053,443171.30831983977
8248.0,0.988419,444197.8497410594
8249.0,0.986932,443492.7921391183
8250.0,0.985859,442973.84826755256
8251.0,0.985201,442641.42116596457
8252.0,0.981139,440779.766720417
8253.0,0.970872,436131.01313347055
8254.0,0.961762,432002.7077799025
8255.0,0.967566,434573.5540967046
8256.0,0.975072,437908.3220606847
8257.0,0.976834,438663.0737312262
8258.0,0.978693,439461.23067164933
8259.0,0.98115,440527.726490457
8260.0,0.980613,440249.85208225826
8261.0,0.966946,434077.7295943018
8262.0,0.938878,421442.3126193797
8263.0,0.918758,412376.3745203418
8264.0,0.920656,413193.68715804344
8265.0,0.938161,421014.7302534804
8266.0,0.956612,429258.9364221683
8267.0,0.970297,435363.27641865605
8268.0,0.977636,438619.41556478053
8269.0,0.981914,440501.77181987336
8270.0,0.984233,441505.02349701273
8271.0,0.975685,437633.79718596087
8272.0,0.95821,429759.4169742501
8273.0,0.953009,427390.7918206229
8274.0,0.966252,433293.3260208828
8275.0,0.972544,436078.08953375986
8276.0,0.97411,436743.4513173309
8277.0,0.982207,440336.61168353964
8278.0,0.983257,440770.1429424285
8279.0,0.969067,434372.43277914077
8280.0,0.956825,428848.8724377804
8281.0,0.964603,432298.42527065834
8282.0,0.968213,433879.58937747346
8283.0,0.957004,428820.2725768386
8284.0,0.958894,429630.7723677609
8285.0,0.969428,434313.7118176769
8286.0,0.962692,431259.35170262854
8287.0,0.957162,428745.69434846553
8288.0,0.960427,430171.68752492935
8289.0,0.956792,428507.1927291554
8290.0,0.961226,430456.4180580822
8291.0,0.972772,435589.91462361295
8292.0,0.974419,436290.29570470797
8293.0,0.975253,436626.54845292214
8294.0,0.979928,438682.21172690106
8295.0,0.982783,439922.8144735115
8296.0,0.981907,439493.21748939424
8297.0,0.972584,435283.1866071829
8298.0,0.956028,427836.9732718821
8299.0,0.953736,426774.81799960375
8300.0,0.968887,433517.4929475902
8301.0,0.980945,438875.18185500224
8302.0,0.983998,440203.43417945004
8303.0,0.976968,437021.0686405026
8304.0,0.957366,428215.95026371646
8305.0,0.940282,420538.48517597426
8306.0,0.94752,423739.32648908056
8307.0,0.965629,431800.7856926401
8308.0,0.977532,437085.93577092653
8309.0,0.979695,438015.46156717534
8310.0,0.974282,435557.91267458623
8311.0,0.971019,434061.8484051744
8312.0,0.974747,435690.84341446025
8313.0,0.977243,436768.90407593973
8314.0,0.973394,435011.16548224
8315.0,0.971156,433973.6018915291
8316.0,0.976426,436290.9507488048
8317.0,0.981152,438364.82438997703
8318.0,0.981819,438624.96878926654
8319.0,0.980072,437806.689319499
8320.0,0.977293,436527.5635739081
8321.0,0.975312,435605.0468375905
8322.0,0.962313,429762.1056647761
8323.0,0.933903,417038.30520242243
8324.0,0.924106,412627.6783220631
8325.0,0.944154,421542.8941202839
8326.0,0.964197,430454.30930990545
8327.0,0.972801,434257.7925615381
8328.0,0.971775,433762.13876284636
8329.0,0.968899,432440.85168132285
8330.0,0.969942,432868.7539911856
8331.0,0.96711,431567.3613845817
8332.0,0.963006,429698.5979993339
8333.0,0.964848,430483.0433829566
8334.0,0.968468,432060.5439346845
8335.0,0.969182,432341.41147426795
8336.0,0.970723,432991.0898275888
8337.0,0.975157,434930.9415950253
8338.0,0.973341,434083.10438833595
8339.0,0.961446,428740.82926789677
8340.0,0.94959,423416.8536213774
8341.0,0.94889,423067.7482217244
8342.0,0.955729,426079.690808584
8343.0,0.959573,427755.9798491959
8344.0,0.966465,430790.5627798113
8345.0,0.972902,433621.7975678611
8346.0,0.970618,432565.90914274874
8347.0,0.963673,429433.1417025358
8348.0,0.952957,424620.6101252048
8349.0,0.949526,423054.6808741331
8350.0,0.960862,428067.75948333007
8351.0,0.966559,430567.9583626032
8352.0,0.965226,429936.35247732984
8353.0,0.964711,429669.16034126945
8354.0,0.951915,423932.6828348604
8355.0,0.933264,415589.9139393551
8356.0,0.937292,417346.84211746353
8357.0,0.954504,424973.3437549835
8358.0,0.953075,424299.6862341877
8359.0,0.91831,408786.5723176443
8360.0,0.851916,379197.7381674973
8361.0,0.794586,353648.24490228697
8362.0,0.828125,368542.95065942995
8363.0,0.909977,404933.9809197587
8364.0,0.944722,420358.0908979415
8365.0,0.94363,419835.0334567267
8366.0,0.944622,420239.1663794583
8367.0,0.95493,424787.29764944507
8368.0,0.964391,428957.85694225697
8369.0,0.967473,430290.5473737482
8370.0,0.947502,421370.90110404656
8371.0,0.907264,403440.52256542846
8372.0,0.898041,399303.7763247157
8373.0,0.930179,413556.80990617303
8374.0,0.952788,423571.0779617792
8375.0,0.952826,423550.27898669336
8376.0,0.949223,421911.10734943603
8377.0,0.944357,419710.87599335465
8378.0,0.936905,416361.79228782514
8379.0,0.950913,422549.284526827
8380.0,0.969014,430554.2603164128
8381.0,0.962158,427469.8293460106
8382.0,0.949172,421662.7184045657
8383.0,0.941946,418415.2313963954
8384.0,0.938482,416839.2445586945
8385.0,0.94559,419958.7913102055
8386.0,0.954095,423698.1423595568
8387.0,0.95805,425416.4007684455
8388.0,0.954567,423831.82475738495
8389.0,0.940833,417696.43004783895
8390.0,0.914051,405769.78386070003
8391.0,0.892508,396170.7679416519
8392.0,0.920458,408540.6736867501
8393.0,0.965652,428561.31194240187
8394.0,0.98491,437068.83474847156
8395.0,0.989631,439124.3693480827
8396.0,0.991109,439740.6388028263
8397.0,0.990616,439482.3484527316
8398.0,0.983231,436166.7514074617
8399.0,0.960224,425922.3461560298
8400.0,0.94066,417206.8228996288
8401.0,0.951706,422067.9440642859
8402.0,0.960931,426120.65124581073
8403.0,0.950383,421405.1452342215
8404.0,0.950945,421616.2594553119
8405.0,0.968135,429198.9293157659
8406.0,0.980063,434447.637772531
8407.0,0.980001,434380.86235769925
8408.0,0.97534,432275.7750037425
8409.0,0.9648,427565.67804004496
8410.0,0.948482,420296.0353314394
8411.0,0.944411,418454.1468198152
8412.0,0.956584,423809.3865410458
8413.0,0.965874,427886.4505433975
8414.0,0.9709,430073.9524318711
8415.0,0.980795,434417.6310876666
8416.0,0.98681,437042.1085925925
8417.0,0.978004,433102.70247359015
8418.0,0.949409,420401.3567718853
8419.0,0.911874,403743.9987907512
8420.0,0.886393,392426.22959644784
8421.0,0.893294,395445.43859942764
8422.0,0.92562,409718.2482210388
8423.0,0.930925,412028.8964480242
8424.0,0.918035,406286.699748947
8425.0,0.936542,414439.35610510135
8426.0,0.967633,428158.67599418317
8427.0,0.980333,433738.5529695955
8428.0,0.983102,434923.916990287
8429.0,0.985663,436017.0304921064
8430.0,0.985012,435689.1933379289
8431.0,0.981638,434157.06955434894
8432.0,0.969851,428904.65762576665
8433.0,0.933644,412854.730289524
8434.0,0.904083,399746.2954809179
8435.0,0.926275,409521.07675876276
8436.0,0.955328,422327.12332067825
8437.0,0.953421,421445.39535760484
8438.0,0.926293,409416.26760253357
8439.0,0.900492,397975.80068785575
8440.0,0.91556,404597.9621734023
8441.0,0.953654,421393.4397601939
8442.0,0.97484,430715.31290329114
8443.0,0.982565,434088.4970447542
8444.0,0.986477,435776.64262356056
8445.0,0.983743,434528.8512854927
8446.0,0.976884,431459.3823576123
8447.0,0.978731,432235.27238633344
8448.0,0.986197,435492.2766355872
8449.0,0.987373,435971.3276550476
8450.0,0.984788,434789.76330001117
8451.0,0.985918,435248.43736066326
8452.0,0.988298,436258.78408093716
8453.0,0.988843,436458.98220573773
8454.0,0.989349,436641.9079113001
8455.0,0.983296,433930.2783415702
8456.0,0.949113,418806.45897196006
8457.0,0.8924639999999999,393772.9714706678
8458.0,0.889998,392648.5112231056
8459.0,0.942556,415797.42533212074
8460.0,0.977602,431217.5271708783
8461.0,0.986004,434883.240313681
8462.0,0.987162,435353.53492680844
8463.0,0.989138,436184.4362301068
8464.0,0.986284,434885.45231620444
8465.0,0.974362,429588.6760570411
8466.0,0.966106,425909.023596407
8467.0,0.971064,428054.89963988995
8468.0,0.976825,430554.2910879176
8469.0,0.978057,431057.13688886847
8470.0,0.976352,430265.56879684137
8471.0,0.976705,430380.9748940403
8472.0,0.98053,432026.1163720096
8473.0,0.983135,433133.44051190943
8474.0,0.985412,434096.04376622784
8475.0,0.986784,434659.8088897968
8476.0,0.986585,434531.5145754301
8477.0,0.985327,433936.83917277254
8478.0,0.979559,431356.2396281773
8479.0,0.971097,427589.88844858634
8480.0,0.957715,421658.0669449403
8481.0,0.928551,408779.5647513591
8482.0,0.903766,397831.0590574663
8483.0,0.907814,399575.4673585989
8484.0,0.92265,406067.43341228436
8485.0,0.935508,411687.7036311518
8486.0,0.952191,418990.000902571
8487.0,0.970614,427056.4794464134
8488.0,0.977668,430119.6896874905
8489.0,0.973037,428042.0330805193
8490.0,0.954225,419727.06586366595
8491.0,0.936089,411710.96083417285
8492.0,0.943859,415089.25602976885
8493.0,0.945513,415777.4588216779
8494.0,0.935691,411419.5592891044
8495.0,0.950884,418060.4173392767
8496.0,0.967762,425440.74832295475
8497.0,0.968053,425528.49162064056
8498.0,0.960449,422146.1072055629
8499.0,0.941796,413908.4324952787
8500.0,0.934659,410732.9636975235
8501.0,0.943148,414424.22124306083
8502.0,0.950538,417631.8980599754
8503.0,0.961019,422196.8905599912
8504.0,0.959935,421680.71766145213
8505.0,0.928144,407676.91299269587
8506.0,0.895291,393209.3144422499
8507.0,0.904739,397321.1585455249
8508.0,0.942741,413970.659622586
8509.0,0.964863,423644.512289115
8510.0,0.961124,421962.7383635137
8511.0,0.938097,411814.0467462236
8512.0,0.905492,397463.02821553085
8513.0,0.884165,388064.69205710606
8514.0,0.873951,383545.21422352974
8515.0,0.897971,394049.200373404
8516.0,0.93115,408569.95147396135
8517.0,0.930697,408332.273832882
8518.0,0.909389,398945.60860879556
8519.0,0.913272,400610.85773790977
8520.0,0.93762,411251.97600677755
8521.0,0.948353,415919.9011771507
8522.0,0.939668,412071.5597119437
8523.0,0.93872,411616.5059258724
8524.0,0.95023,416623.66664628946
8525.0,0.956584,419369.4418838133
8526.0,0.963293,422270.2885187167
8527.0,0.966136,423476.0160125023
8528.0,0.967166,423886.8941178569
8529.0,0.969695,424954.58641059784
8530.0,0.961063,421131.376696984
8531.0,0.954089,418035.3330599689
8532.0,0.967301,423783.5354112144
8533.0,0.978536,428664.5541315105
8534.0,0.971032,425336.460138827
8535.0,0.949489,415860.1386075987
8536.0,0.935233,409576.89251747116
8537.0,0.941493,412278.7672914128
8538.0,0.943638,413178.32057300577
8539.0,0.924741,404865.18312100705
8540.0,0.8832049999999999,386642.89239078684
8541.0,0.8490049999999999,371635.2804755088
8542.0,0.8758100000000001,383331.7095174028
8543.0,0.935361,409357.02149754297
8544.0,0.964512,422074.13865454507
8545.0,0.9734,425922.47038983996
8546.0,0.979922,428734.86684080056
8547.0,0.979343,428440.1732279972
8548.0,0.965081,422160.09309124126
8549.0,0.940438,411340.63205270737
8550.0,0.921948,403214.2579065174
8551.0,0.911882,398773.31743991165
8552.0,0.918297,401539.79194979527
8553.0,0.950408,415540.60255395016
8554.0,0.97607,426719.30031865195
8555.0,0.981471,429038.94381994347
8556.0,0.978632,427756.44219353196
8557.0,0.979678,428172.1218915026
8558.0,0.979066,427863.1339646795
8559.0,0.967705,422857.2030663215
8560.0,0.958787,418919.63431884616
8561.0,0.967211,422559.255660261
8562.0,0.97442,425667.3854711291
8563.0,0.962526,420430.7117970026
8564.0,0.934452,408128.3092607358
8565.0,0.925003,403962.084132609
8566.0,0.946574,413342.2097641236
8567.0,0.958295,418419.6891187984
8568.0,0.950623,415029.4307237128
8569.0,0.945676,412829.3949052712
8570.0,0.956085,417332.6864421226
8571.0,0.964411,420925.93412645924
8572.0,0.959669,418815.36865845113
8573.0,0.956114,417223.16968757345
8574.0,0.958563,418250.99328572187
8575.0,0.959123,418454.4456143026
8576.0,0.959466,418563.17153685295
8577.0,0.959452,418516.1303561966
8578.0,0.942667,411154.22729156964
8579.0,0.8995340000000001,392302.9088379784
8580.0,0.8811709999999999,384256.84478888905
8581.0,0.910021,396798.7401102349
8582.0,0.926299,403856.894176278
8583.0,0.914151,398521.41380999197
8584.0,0.925035,403226.70678984484
8585.0,0.952915,415338.9581427711
8586.0,0.957252,417188.3311344882
8587.0,0.94731,412814.8756457389
8588.0,0.949891,413898.94394001423
8589.0,0.958922,417792.9804390253
8590.0,0.963122,419581.6174779459
8591.0,0.963438,419677.9933338357
8592.0,0.962058,419035.6163575079
8593.0,0.964715,420151.5341073139
8594.0,0.967589,421361.7091245447
8595.0,0.964584,420011.7137567994
8596.0,0.958537,417337.50661601115
8597.0,0.945924,411805.31632920494
8598.0,0.927543,403763.36194497964
8599.0,0.923602,402008.1464586286
8600.0,0.939514,408893.6452664945
8601.0,0.954703,415463.1317742495
8602.0,0.959911,417688.2441539489
8603.0,0.956845,416312.9672291136
8604.0,0.952674,414457.2152219078
8605.0,0.941748,409663.3630659887
8606.0,0.916249,398531.7653786778
8607.0,0.881466,383364.58186763746
8608.0,0.880234,382790.83935434715
8609.0,0.903204,392740.96762123576
8610.0,0.899241,390978.9653094082
8611.0,0.908445,394941.5751679382
8612.0,0.941083,409090.1734701416
8613.0,0.95698,415959.32785588247
8614.0,0.956737,415812.4086130762
8615.0,0.955996,415449.0808129802
8616.0,0.957039,415861.00371771265
8617.0,0.959405,416847.6482830192
8618.0,0.960197,417150.2633954215
8619.0,0.957219,415815.11259478534
8620.0,0.954623,414646.1306435468
8621.0,0.949911,412558.3551233444
8622.0,0.933121,405225.8693611787
8623.0,0.902327,391813.92244914646
8624.0,0.893075,387757.7955090869
8625.0,0.910577,395317.42580009496
8626.0,0.912449,396090.60496953333
8627.0,0.893016,387616.1146046371
8628.0,0.882184,382876.2125886324
8629.0,0.889841,386160.8377236937
8630.0,0.911681,395599.1132577727
8631.0,0.92988,403455.7272966557
8632.0,0.936878,406451.3533208429
8633.0,0.9402,407851.7382825253
8634.0,0.945314,410029.100940921
8635.0,0.953116,413371.80792100565
8636.0,0.945801,410158.152961943
8637.0,0.927733,402282.4192082598
8638.0,0.911607,395250.2475494018
8639.0,0.8925649999999999,386955.2879564419
8640.0,0.899366,389864.610783179
8641.0,0.912646,395581.61872440233
8642.0,0.8952120000000001,387985.9738150546
8643.0,0.890697,385990.3832791233
8644.0,0.91793,397752.03127821634
8645.0,0.934176,404750.95125788875
8646.0,0.932573,404015.77521923184
8647.0,0.927826,401918.79845436406
8648.0,0.929308,402520.2513885045
8649.0,0.933209,404169.2227620639
8650.0,0.912946,395353.56089373486
8651.0,0.881484,381690.3896019733
8652.0,0.881503,381660.1316388186
8653.0,0.8999889999999999,389624.6228661705
8654.0,0.909447,393679.46653958247
8655.0,0.924209,400029.2246045401
8656.0,0.941285,407379.1577691963
8657.0,0.949436,410865.3215030987
8658.0,0.949424,410818.60584623215
8659.0,0.947372,409889.2543874838
8660.0,0.944571,408636.04154265206
8661.0,0.93264,403433.68223446456
8662.0,0.912611,394729.7446762192
8663.0,0.892387,385943.2154313203
8664.0,0.8665860000000001,374746.7270946876
8665.0,0.842412,364255.9980044083
8666.0,0.819232,354197.13594812434
8667.0,0.788054,340682.690234831
8668.0,0.789385,341223.47061623575
8669.0,0.836169,361409.8691659447
8670.0,0.895961,387213.91257725144
8671.0,0.896166,387263.169269144
8672.0,0.8491200000000001,366895.74113421753
8673.0,0.8469899999999999,365938.1887461587
8674.0,0.90529,391086.66545892175
8675.0,0.961779,415447.73221478716
8676.0,0.983589,424825.488725049
8677.0,0.988914,427081.94406895444
8678.0,0.992163,428441.4487348134
8679.0,0.993231,428858.9394764753
8680.0,0.992135,428342.0436801491
8681.0,0.98569,425516.10286840616
8682.0,0.954946,412202.0636920747
8683.0,0.896015,386725.05482108914
8684.0,0.880619,380041.2569601326
8685.0,0.920335,397140.59372421954
8686.0,0.947799,408950.0066602636
8687.0,0.955021,412023.99536366144
8688.0,0.938741,404958.92173501145
8689.0,0.932283,402131.904526071
8690.0,0.945922,407973.219533098
8691.0,0.924308,398610.3658673738
8692.0,0.8854360000000001,381807.61158019194
8693.0,0.8883129999999999,383008.96343922114
8694.0,0.91085,392685.87433542527
8695.0,0.917211,395387.69631669775
8696.0,0.934741,402903.1395934737
8697.0,0.947998,408575.4113922277
8698.0,0.945891,407625.48479596945
8699.0,0.949059,408948.72626085
8700.0,0.954437,411223.8652818418
8701.0,0.954877,411371.17380859656
8702.0,0.948344,408514.6980265533
8703.0,0.934498,402508.9189095978
8704.0,0.8973620000000001,386473.86981050816
8705.0,0.8621690000000001,371278.82154534664
8706.0,0.873341,376051.14774690126
8707.0,0.903995,389210.34677378053
8708.0,0.900467,387651.44999625516
8709.0,0.899975,387399.72013490304
8710.0,0.91913,395604.3222265242
8711.0,0.939297,404242.7449712635
8712.0,0.964948,415239.25708317524
8713.0,0.982439,422722.40700986114
8714.0,0.977568,420583.09645847336
8715.0,0.948741,408138.58325075207
8716.0,0.922928,396993.07857547095
8717.0,0.931191,400505.9718066691
8718.0,0.959696,412723.3190673385
8719.0,0.97715,420186.0588536229
8720.0,0.981396,421968.22563824564
8721.0,0.984108,423090.50137869257
8722.0,0.986482,424067.2252663853
8723.0,0.984518,423179.1071930796
8724.0,0.967509,415824.97314555553
8725.0,0.921288,395918.64071344835
8726.0,0.853234,366634.7730683551
8727.0,0.830995,357041.6314288883
8728.0,0.8946790000000001,384363.92766003974
8729.0,0.95288,409325.2215166611
8730.0,0.968479,415982.8255343033
8731.0,0.972892,417834.89489040023
8732.0,0.956323,410676.2057287157
8733.0,0.93286,400558.78456599254
8734.0,0.934743,401325.5813605342
8735.0,0.952963,409105.6498260753
8736.0,0.97352,417887.24576600513
8737.0,0.983212,422003.63539421844
8738.0,0.98357,422113.325883575
8739.0,0.977803,419594.6143418355
8740.0,0.975176,418423.70302387106
8741.0,0.981732,421192.80100093124
8742.0,0.984178,422198.17032882
8743.0,0.985198,422591.63983101555
8744.0,0.988917,424142.59717677976
8745.0,0.984686,422283.8425669709
8746.0,0.964038,413385.7397394889
8747.0,0.94276,404219.356047681
8748.0,0.948308,406555.62698880443
8749.0,0.951444,407857.43285751465
8750.0,0.933384,400073.76471682533
8751.0,0.938389,402176.9575073001
8752.0,0.963341,412827.7278341516
8753.0,0.971128,416121.17255384364
8754.0,0.9565,409810.2515389117
8755.0,0.943437,404171.0834233808
8756.0,0.959705,411097.2440751671
8757.0,0.982509,420821.38648437196
8758.0,0.990055,424008.95460267167
8759.0,0.988655,423364.9492174149
8760.0,0.981901,420428.5925434556
8761.0,0.96072,411316.1540562887
8762.0,0.931559,398789.46546921955
8763.0,0.915413,391836.3728721191
8764.0,0.907831,388550.1000760884
8765.0,0.902267,386128.1092336832
8766.0,0.903875,386775.5671775986
8767.0,0.926294,396327.1316833943
8768.0,0.928532,397242.8679611529
8769.0,0.8719110000000001,372980.0938798411
8770.0,0.8390190000000001,358871.9716957775
8771.0,0.893028,381932.88442093413
8772.0,0.944596,403945.05374278815
8773.0,0.945116,404124.80449112575
8774.0,0.944976,404022.3164078722
8775.0,0.948315,405407.11201330245
8776.0,0.949034,405671.65730065486
8777.0,0.96772,413615.44427710224
8778.0,0.986821,421734.89080197655
8779.0,0.990882,423425.6785271679
8780.0,0.983163,420082.7675037509
8781.0,0.966301,412834.3642588589
8782.0,0.950595,406081.3019445317
8783.0,0.940737,401827.57106249186
8784.0,0.943873,403124.40705544467
8785.0,0.969134,413869.4480270988
8786.0,0.989326,422447.7019932808
8787.0,0.993699,424270.0329205679
8788.0,0.99188,423448.49926599604
8789.0,0.990339,422745.7893236491
8790.0,0.99052,422778.1999730347
8791.0,0.990932,422909.16950209456
8792.0,0.988975,422029.1583834999
8793.0,0.986199,420799.8559739691
8794.0,0.987405,421269.68800464575
8795.0,0.984628,420040.2605306226
8796.0,0.967906,412862.7986027394
8797.0,0.947266,404015.7877461697
8798.0,0.942123,401779.518611575
8799.0,0.959161,409002.0498600524
8800.0,0.973738,415173.7250877555
8801.0,0.968448,412874.2541298526
8802.0,0.960798,409569.23178171477
8803.0,0.969843,413380.8848630879
8804.0,0.986075,420254.7291740404
8805.0,0.991108,422354.7015393428
8806.0,0.981847,418363.5536416574
8807.0,0.968115,412468.35410032683
8808.0,0.971152,413718.1141956809
8809.0,0.985702,419871.68936504814
8810.0,0.992398,422678.78135673667
8811.0,0.992798,422803.9691118193
8812.0,0.992835,422774.53529928287
8813.0,0.991788,422283.54208456585
8814.0,0.989323,421188.9422435274
8815.0,0.978459,416519.1949506974
8816.0,0.953817,405985.91239558224
8817.0,0.947442,403229.26103462535
8818.0,0.968892,412314.1722356072
8819.0,0.981176,417496.9236326923
8820.0,0.981221,417471.3266680633
8821.0,0.981144,417393.8146766231
8822.0,0.978198,416095.9134541394
8823.0,0.96511,410484.63291024056
8824.0,0.948334,403306.10964613565
8825.0,0.953345,405393.65726836195
8826.0,0.958665,407612.1202731493
8827.0,0.913713,388457.3708933005
8828.0,0.8506309999999999,361599.7305498858
8829.0,0.874978,371909.55813501007
8830.0,0.946897,402435.46437714377
8831.0,0.976946,415161.76266171533
8832.0,0.969036,411756.02923996816
8833.0,0.959839,407804.20509960677
8834.0,0.970389,412242.16370498587
8835.0,0.976698,414877.672850491
8836.0,0.962883,408965.3274130164
8837.0,0.954853,405511.03521402465
8838.0,0.967135,410682.72508676286
8839.0,0.962536,408685.7313745078
8840.0,0.933471,396302.18557210936
8841.0,0.925448,392853.644363985
8842.0,0.956545,406010.51717490406
8843.0,0.985041,418060.64095467434
8844.0,0.987204,418933.37715756
8845.0,0.970101,411631.0006810263
8846.0,0.959191,406957.6984873878
8847.0,0.963663,408810.83079016133
8848.0,0.960427,407393.96324371273
8849.0,0.960471,407368.54302790714
8850.0,0.974397,413230.3019589859
8851.0,0.987268,418643.40767263994
8852.0,0.988073,418939.3809215921
8853.0,0.981605,416151.87871100014
8854.0,0.982584,416521.7778011917
8855.0,0.990564,419859.0107279805
8856.0,0.994119,421320.1295559554
8857.0,0.993719,421104.91472322965
8858.0,0.994048,421198.6191001014
8859.0,0.994438,421318.1274757897
8860.0,0.992574,420482.7312310003
8861.0,0.986658,417931.1400660941
8862.0,0.976822,413719.8203933706
8863.0,0.970884,411160.1626357592
8864.0,0.969645,410590.8076273874
8865.0,0.966669,409286.11413415737
8866.0,0.968805,410145.86243147345
8867.0,0.970684,410896.6146575804
8868.0,0.971691,411278.1012883281
8869.0,0.965053,408424.01393255085
8870.0,0.937475,396709.3918890333
8871.0,0.905196,383008.20818716765
8872.0,0.915836,387467.98022584396
8873.0,0.96154,406759.8711498698
8874.0,0.987684,417773.97886014223
8875.0,0.993721,420281.66376704123
8876.0,0.993523,420152.055514228
8877.0,0.992344,419607.64499473566
8878.0,0.991263,419104.76801243715
8879.0,0.985705,416709.3180434368
8880.0,0.971621,410710.37764647766
8881.0,0.960037,405769.3798454069
8882.0,0.961076,406164.0991293954
8883.0,0.962047,406529.97847646003
8884.0,0.970377,410005.0940883284
8885.0,0.984908,416099.19855262275
8886.0,0.990862,418568.77626811096
8887.0,0.991498,418791.56254027353
8888.0,0.990081,418147.2238609464
8889.0,0.987128,416854.36930612574
8890.0,0.986131,416387.6875851655
8891.0,0.984241,415544.0664362455
8892.0,0.973272,410867.9006216115
8893.0,0.956684,403820.93478039297
8894.0,0.950398,401123.54356922786
8895.0,0.949548,400720.7839579999
8896.0,0.929418,392182.59384948306
8897.0,0.907402,382850.52147272107
8898.0,0.933621,393869.52838938765
8899.0,0.971398,409761.56678946316
8900.0,0.982325,414325.29110569245
8901.0,0.983422,414742.3483669007
8902.0,0.981655,413951.58172856487
8903.0,0.967282,407845.76328685996
8904.0,0.9418,397057.7762010548
8905.0,0.914581,385539.91783006163
8906.0,0.912663,384688.9935575451
8907.0,0.947718,399420.70299629035
8908.0,0.967966,407909.34643208847
8909.0,0.952919,401524.11729933927
8910.0,0.938739,395505.5589853139
8911.0,0.95433,402029.9184438231
8912.0,0.977516,411752.0059822768
8913.0,0.984646,414709.52151731215
8914.0,0.975962,411006.6188942323
8915.0,0.966941,407162.61035406904
8916.0,0.974109,410135.5949669597
8917.0,0.981828,413339.8688042015
8918.0,0.972492,409364.22278697515
8919.0,0.964945,406142.4220067669
8920.0,0.974286,410028.6366683893
8921.0,0.984791,414403.7876774993
8922.0,0.986257,414974.72642635
8923.0,0.975009,410196.60514594335
8924.0,0.960848,404194.1294454215
8925.0,0.965139,405954.19653881714
8926.0,0.980548,412389.7596900318
8927.0,0.987199,415140.9268506197
8928.0,0.969962,407847.1003498676
8929.0,0.927748,390053.77506490663
8930.0,0.915595,384901.5468248763
8931.0,0.949491,399106.56092652364
8932.0,0.964657,405436.35683175834
8933.0,0.947182,398047.54355552455
8934.0,0.919431,386342.40679454454
8935.0,0.921575,387200.2555437287
8936.0,0.954398,400946.2612526091
8937.0,0.977906,410776.3587562587
8938.0,0.98827,415083.6338220839
8939.0,0.992129,416658.06778241944
8940.0,0.993102,417020.251987737
8941.0,0.99275,416826.00847119786
8942.0,0.991836,416395.848339351
8943.0,0.99032,415713.05944117904
8944.0,0.984203,413099.22727182094
8945.0,0.966447,405601.26978931844
8946.0,0.931637,390948.4925186856
8947.0,0.913342,383228.4830886362
8948.0,0.946234,396985.2966196743
8949.0,0.981432,411706.3773476562
8950.0,0.992303,416220.2225496089
8951.0,0.992974,416455.1412969906
8952.0,0.991554,415813.11712651147
8953.0,0.986531,413660.450235054
8954.0,0.962268,403441.65970989235
8955.0,0.917392,384583.871243544
8956.0,0.912078,382313.3857511918
8957.0,0.956737,400988.1001154145
8958.0,0.986614,413463.86974910094
8959.0,0.991804,415592.31563416787
8960.0,0.989932,414761.4309224722
8961.0,0.986512,413282.20542988804
8962.0,0.978365,409823.21928196424
8963.0,0.971312,406823.19953309913
8964.0,0.977202,409244.25715632347
8965.0,0.985454,412653.82835523505
8966.0,0.98691,413217.14463810244
8967.0,0.987203,413293.4245598445
8968.0,0.988713,413879.1093693876
8969.0,0.989586,414198.02296604234
8970.0,0.99005,414345.675434368
8971.0,0.989693,414149.717795423
8972.0,0.986188,412636.6124165878
8973.0,0.980862,410361.9789641416
8974.0,0.978639,409385.89047987363
8975.0,0.970705,406021.2367063944
8976.0,0.94126,393660.82956756296
8977.0,0.924751,386712.7690608784
8978.0,0.952291,398184.6107392379
8979.0,0.980966,410128.378032815
8980.0,0.986753,412501.3560527964
8981.0,0.982231,410564.7008760478
8982.0,0.979728,409472.2942859923
8983.0,0.980593,409787.59494961216
8984.0,0.98401,411169.1605074554
8985.0,0.987187,412450.12274430605
8986.0,0.985783,411817.0355455064
8987.0,0.979354,409085.084257456
8988.0,0.976358,407787.56472923415
8989.0,0.977171,408081.01429953234
8990.0,0.970471,405237.1939992232
8991.0,0.967769,404063.24440236803
8992.0,0.97454,406844.26481981954
8993.0,0.978708,408538.0780846604
8994.0,0.983009,410287.0009207192
8995.0,0.984442,410838.6027206446
8996.0,0.966895,403470.0068500491
8997.0,0.934912,390079.82857591944
8998.0,0.935565,390308.0680203141
8999.0,0.96472,402425.6311453774
9000.0,0.966401,403081.15797062364
9001.0,0.941801,392776.083305083
9002.0,0.943016,393238.1969608291
9003.0,0.97085,404799.06661170366
9004.0,0.984317,410367.60714934743
9005.0,0.97366,405878.5678077066
9006.0,0.944019,393477.783501521
9007.0,0.933877,389206.2778718127
9008.0,0.959372,399786.25497446436
9009.0,0.977238,407185.0401867416
9010.0,0.978635,407720.7791715911
9011.0,0.977363,407144.54044085956
9012.0,0.97345,405468.36607230705
9013.0,0.971334,404540.9687877101
9014.0,0.973034,405202.8701889318
9015.0,0.977541,407033.39524961944
9016.0,0.984683,409960.5346511066
9017.0,0.988368,411447.8738089116
9018.0,0.988502,411456.77758332295
9019.0,0.987649,411054.87595432653
9020.0,0.986689,410608.5195212072
9021.0,0.984871,409805.2321347938
9022.0,0.984711,409691.9252268051
9023.0,0.985788,410093.2244510133
9024.0,0.98443,409481.5557951345
9025.0,0.977753,406657.7800853771
9026.0,0.961097,399684.73330485885
9027.0,0.943149,392176.0272643006
9028.0,0.938752,390303.0917136067
9029.0,0.954194,396678.0463496812
9030.0,0.975977,405687.30860157294
9031.0,0.985411,409561.9335143722
9032.0,0.98531,409473.11801134766
9033.0,0.982285,408169.2934343658
9034.0,0.976724,405812.08426831086
9035.0,0.972947,404196.5329399252
9036.0,0.977391,405996.23587688175
9037.0,0.983098,408320.0829911349
9038.0,0.984838,408995.9137067971
9039.0,0.984202,408684.9490530948
9040.0,0.983906,408515.20439494454
9041.0,0.98573,409225.59781799075
9042.0,0.986735,409595.8412348806
9043.0,0.984658,408686.78317343973
9044.0,0.982908,407913.6225943161
9045.0,0.984283,408437.3689015003
9046.0,0.985543,408913.261766724
9047.0,0.986288,409175.3720145553
9048.0,0.987574,409661.81930304307
9049.0,0.988986,410200.39726784365
9050.0,0.989253,410263.9774986314
9051.0,0.987324,409416.90212603786
9052.0,0.986099,408861.89961081976
9053.0,0.987088,409224.8819164406
9054.0,0.986021,408735.4882396623
9055.0,0.983656,407708.19059534
9056.0,0.985303,408343.8234806584
9057.0,0.988236,409512.19341946265
9058.0,0.988195,409448.0307738936
9059.0,0.987236,409003.54491153406
9060.0,0.987098,408899.23733910016
9061.0,0.984113,407615.7193401939
9062.0,0.978025,405047.3769415691
9063.0,0.976623,404420.0838340015
9064.0,0.980499,405978.2876689538
9065.0,0.981164,406206.7438538174
9066.0,0.978796,405179.59710800817
9067.0,0.978373,404957.7230926242
9068.0,0.974638,403365.1728341261
9069.0,0.964022,398925.5203506386
9070.0,0.963405,398624.12113201484
9071.0,0.970912,401683.8192118936
9072.0,0.960804,397455.9911286788
9073.0,0.953169,394252.0112546276
9074.0,0.967359,400075.01858174364
9075.0,0.973915,402739.798128704
9076.0,0.969626,400919.76559929684
9077.0,0.973992,402678.3809613452
9078.0,0.979318,404833.41874107654
9079.0,0.981136,405537.95963574195
9080.0,0.983634,406523.35448869097
9081.0,0.979358,404709.2197562633
9082.0,0.973081,402068.69162729935
9083.0,0.974805,402734.3188552072
9084.0,0.974871,402714.8613258046
9085.0,0.967291,399537.2284059071
9086.0,0.951827,393104.22592467704
9087.0,0.938072,387378.4339277279
9088.0,0.935928,386448.1797992995
9089.0,0.942948,389301.5349580075
9090.0,0.959297,396005.29387777386
9091.0,0.974514,402240.2330149395
9092.0,0.980221,404548.8151734005
9093.0,0.974072,401964.2999313269
9094.0,0.962195,397016.90440828254
9095.0,0.964824,398055.3513579382
9096.0,0.97898,403848.65493595065
9097.0,0.979589,404052.8365337077
9098.0,0.966647,398668.1981634753
9099.0,0.965671,398219.2842081625
9100.0,0.973659,401466.56253772386
9101.0,0.96944,399680.36883719533
9102.0,0.958172,394988.753373958
9103.0,0.955847,393984.37138652575
9104.0,0.971965,400581.2200283054
9105.0,0.986838,406663.4632575737
9106.0,0.990732,408220.49009419174
9107.0,0.990525,408087.559616679
9108.0,0.989202,407494.9136197806
9109.0,0.988209,407038.3133065368
9110.0,0.987743,406798.84491134656
9111.0,0.988417,407028.8650060495
9112.0,0.989115,407268.69533940125
9113.0,0.98662,406193.88561360625
9114.0,0.970987,399710.9947583404
9115.0,0.942529,387950.753350174
9116.0,0.939087,386488.78139776207
9117.0,0.965744,397413.16947711096
9118.0,0.98208,404088.28688329784
9119.0,0.984122,404881.0789528552
9120.0,0.984621,405038.9307776072
9121.0,0.985791,405472.72152229794
9122.0,0.984894,405056.29983843
9123.0,0.97783,402103.9596680411
9124.0,0.965082,396815.1893336649
9125.0,0.962662,395773.7333858564
9126.0,0.974405,400554.5745863937
9127.0,0.983178,404113.52376384
9128.0,0.985363,404964.0863275533
9129.0,0.986627,405435.9635976302
9130.0,0.986997,405540.3827064904
9131.0,0.986053,405104.92244040867
9132.0,0.984444,404396.37355239794
9133.0,0.980818,402859.5142007663
9134.0,0.975994,400830.99169402086
9135.0,0.976004,400787.9705707966
9136.0,0.982323,403335.3759056702
9137.0,0.986839,405141.9513892503
9138.0,0.987252,405263.8154897643
9139.0,0.986867,405058.0951622478
9140.0,0.983473,403617.5112557784
9141.0,0.979571,401968.7900583437
9142.0,0.983356,403474.4427763763
9143.0,0.988074,405362.4911401167
9144.0,0.988494,405487.0077412061
9145.0,0.988967,405633.21557456517
9146.0,0.990329,406143.95902519516
9147.0,0.992111,406826.79013122566
9148.0,0.993257,407248.6737816115
9149.0,0.992976,407085.4199342326
9150.0,0.993054,407069.3468165783
9151.0,0.994149,407470.09562376735
9152.0,0.994228,407454.35497287125
9153.0,0.993468,407094.80193772033
9154.0,0.992906,406816.4411497945
9155.0,0.990892,405943.2807883499
9156.0,0.984723,403368.3122762611
9157.0,0.965425,395416.5887405606
9158.0,0.941237,385464.13007324096
9159.0,0.946488,387568.71562742325
9160.0,0.972566,398200.03491769795
9161.0,0.98282,402350.72915877926
9162.0,0.974984,399095.54436733737
9163.0,0.971637,397678.4022706763
9164.0,0.981876,401821.4931124102
9165.0,0.989088,404724.96658739424
9166.0,0.98666,403683.6097254125
9167.0,0.980443,401092.42842478177
9168.0,0.977437,399815.2859852659
9169.0,0.978833,400338.829538834
9170.0,0.984686,402684.910567576
9171.0,0.990716,405102.7924983553
9172.0,0.993928,406367.94226651033
9173.0,0.995444,406939.4458664847
9174.0,0.994477,406495.8612943603
9175.0,0.992511,405644.06817260286
9176.0,0.992966,405781.81660889013
9177.0,0.994556,406383.28439867054
9178.0,0.994623,406362.3558784685
9179.0,0.993177,405723.3380631717
9180.0,0.992323,405326.2640283902
9181.0,0.992453,405331.1455934875
9182.0,0.990673,404556.0314657522
9183.0,0.984996,402189.87572325283
9184.0,0.978245,399385.78621016967
9185.0,0.980267,400163.6525395899
9186.0,0.986611,402705.42876460496
9187.0,0.988917,403598.58617011126
9188.0,0.989085,403619.0527617922
9189.0,0.98944,403715.7974984862
9190.0,0.990399,404058.9190481537
9191.0,0.992097,404703.3994443637
9192.0,0.994689,405712.3519975805
9193.0,0.996278,406311.9927940028
9194.0,0.995296,405863.06719896744
9195.0,0.993231,404972.6567046539
9196.0,0.992798,404747.78133852873
9197.0,0.99344,404961.1499654699
9198.0,0.992941,404709.3937899831
9199.0,0.990778,403779.5372006106
9200.0,0.98498,401368.66222390096
9201.0,0.976853,398009.4172868935
9202.0,0.977187,398097.89960530296
9203.0,0.985925,401609.654121654
9204.0,0.991679,403905.18508654245
9205.0,0.991579,403816.1338781127
9206.0,0.988874,402666.3387795888
9207.0,0.985037,401055.90984003333
9208.0,0.973848,396452.85492637014
9209.0,0.958272,390065.1543922775
9210.0,0.957341,389639.50842687633
9211.0,0.965907,393078.78049748833
9212.0,0.973518,396128.617726604
9213.0,0.984245,400445.46837033896
9214.0,0.990548,402961.55380672036
9215.0,0.991187,403173.14162374235
9216.0,0.992609,403703.1144648854
9217.0,0.993822,404147.9506740021
9218.0,0.993491,403964.8545021033
9219.0,0.993758,404024.909296427
9220.0,0.993956,404056.8827482916
9221.0,0.993616,403870.15287320083
9222.0,0.994306,404102.0590841513
9223.0,0.995641,404595.9990546047
9224.0,0.995949,404672.5137199932
9225.0,0.99512,404287.0639118154
9226.0,0.993239,403474.3450506961
9227.0,0.991622,402769.0336445549
9228.0,0.992181,402947.59835168085
9229.0,0.99307,403260.1071895215
9230.0,0.992453,402961.04927624913
9231.0,0.990976,402312.90624656144
9232.0,0.990958,402257.1502402822
9233.0,0.992324,402763.1263751294
9234.0,0.993257,403093.2389666239
9235.0,0.993768,403252.0151215802
9236.0,0.994055,403319.8516800002
9237.0,0.993714,403132.8855810436
9238.0,0.993383,402950.0035496344
9239.0,0.992963,402731.05120333063
9240.0,0.991912,402256.24099345144
9241.0,0.990561,401659.88187199464
9242.0,0.989271,401088.38115592947
9243.0,0.988427,400697.8048293251
9244.0,0.989019,400889.37443063187
9245.0,0.990778,401553.8556454364
9246.0,0.991692,401875.72915340425
9247.0,0.989644,400997.32442999
9248.0,0.986886,399831.46218981
9249.0,0.987194,399907.8875811216
9250.0,0.989412,400757.9162205458
9251.0,0.98949,400741.0272730723
9252.0,0.986375,399431.1244898592
9253.0,0.981291,397324.2743695802
9254.0,0.976602,395377.8331427903
9255.0,0.978745,396197.4501098466
9256.0,0.986735,399383.43934514397
9257.0,0.990604,400900.8567836302
9258.0,0.990153,400669.782308276
9259.0,0.989851,400499.0328547222
9260.0,0.98944,400284.21098403534
9261.0,0.986811,399172.22691156046
9262.0,0.982669,397448.5501267623
9263.0,0.980796,396642.87879394233
9264.0,0.98525,398395.7721978401
9265.0,0.99022,400356.84762737533
9266.0,0.991746,400925.15180304466
9267.0,0.99198,400971.05784163985
9268.0,0.991467,400715.0252484429
9269.0,0.99081,400400.84519207664
9270.0,0.990556,400249.56276228843
9271.0,0.99,399976.28701138165
9272.0,0.990207,400011.2876652112
9273.0,0.990855,400224.390645703
9274.0,0.989921,399798.5037801401
9275.0,0.989948,399760.7744185073
9276.0,0.991959,400524.1185041253
9277.0,0.992007,400494.7540192133
9278.0,0.990797,399957.55950120115
9279.0,0.991107,400033.98627744033
9280.0,0.989148,399194.6673812097
9281.0,0.982923,396634.0978281553
9282.0,0.979564,395230.4972089153
9283.0,0.984059,396995.7355556687
9284.0,0.988154,398599.1756696968
9285.0,0.987999,398488.0621420189
9286.0,0.988735,398736.28050709947
9287.0,0.990812,399525.1528040531
9288.0,0.99119,399628.81137933553
9289.0,0.989945,399078.14499172196
9290.0,0.988859,398591.6861152482
9291.0,0.98838,398349.9701857757
9292.0,0.989243,398649.10084629245
9293.0,0.989595,398742.241803742
9294.0,0.990652,399119.3773494794
9295.0,0.992169,399681.7084640317
9296.0,0.991226,399253.02891207737
9297.0,0.987867,397851.4225509137
9298.0,0.986964,397439.1451757833
9299.0,0.990783,398928.2147052608
9300.0,0.993206,399854.8872489217
9301.0,0.992755,399624.41373385023
9302.0,0.992002,399272.4271943988
9303.0,0.990431,398591.3120700087
9304.0,0.988932,397939.3190826154
9305.0,0.987843,397452.42979852826
9306.0,0.987359,397209.0310410058
9307.0,0.989328,397952.382393482
9308.0,0.991258,398679.84904678236
9309.0,0.992203,399011.0061198608
9310.0,0.992442,399058.18442532304
9311.0,0.991534,398644.1852680431
9312.0,0.991456,398563.92959816684
9313.0,0.992431,398906.9293164138
9314.0,0.993303,399208.4322593578
9315.0,0.992709,398920.73126488324
9316.0,0.99045,397964.0848575951
9317.0,0.990335,397869.0126779192
9318.0,0.99275,398790.25457269326
9319.0,0.994644,399501.9919178391
9320.0,0.995002,399596.67388324504
9321.0,0.994053,399166.48389525764
9322.0,0.992915,398660.49829487246
9323.0,0.992778,398556.47749027505
9324.0,0.993919,398965.4628082643
9325.0,0.995071,399378.74557152315
9326.0,0.994508,399103.6671414354
9327.0,0.993328,398581.06319223356
9328.0,0.993493,398598.19696128205
9329.0,0.994437,398927.81288964144
9330.0,0.994718,398991.3948213284
9331.0,0.99393,398626.2104045523
9332.0,0.993103,398245.45968771
9333.0,0.992658,398017.9533975381
9334.0,0.992351,397845.81229192
9335.0,0.99314,398113.0426411689
9336.0,0.994963,398794.6314833102
9337.0,0.995638,399015.9582126693
9338.0,0.994835,398644.9572596642
9339.0,0.99425,398361.3760549297
9340.0,0.993904,398173.59520807373
9341.0,0.993837,398097.60192772077
9342.0,0.994863,398459.37552872696
9343.0,0.995743,398762.57475734624
9344.0,0.995224,398505.4976561491
9345.0,0.994196,398044.67976268835
9346.0,0.992665,397382.59856315516
9347.0,0.991771,396975.63593020214
9348.0,0.99292,397386.40658944094
9349.0,0.994027,397780.2517841653
9350.0,0.993734,397613.81346528
9351.0,0.992198,396950.110760368
9352.0,0.982369,392969.17347417417
9353.0,0.961084,384407.12059823074
9354.0,0.956158,382389.51041213574
9355.0,0.975304,389998.13646806637
9356.0,0.98318,393098.84655997547
9357.0,0.97444,389556.1213650416
9358.0,0.97297,388920.2570282562
9359.0,0.980727,391972.3377427474
9360.0,0.986222,394119.6920361041
9361.0,0.988143,394838.41209139215
9362.0,0.986956,394315.2085620018
9363.0,0.987592,394520.3649691683
9364.0,0.990018,395440.4291758165
9365.0,0.988858,394928.07916126185
9366.0,0.98391,392903.183852765
9367.0,0.983978,392881.5572225349
9368.0,0.989347,394976.23359870637
9369.0,0.992498,396184.9927522099
9370.0,0.99258,396168.5049105326
9371.0,0.991412,395653.15399433515
9372.0,0.990315,395166.24576712475
9373.0,0.989829,394923.2195674522
9374.0,0.990588,395176.9071581058
9375.0,0.99211,395734.86211550835
9376.0,0.992424,395810.87215760536
9377.0,0.991311,395317.7836585182
9378.0,0.989518,394553.6627497753
9379.0,0.988596,394136.96889121976
9380.0,0.987823,393779.75873317337
9381.0,0.987646,393660.1772855986
9382.0,0.988794,394068.66756730573
9383.0,0.988278,393813.960580169
9384.0,0.987101,393295.9348263476
9385.0,0.988912,393968.39819954435
9386.0,0.991088,394786.07015514944
9387.0,0.98919,393980.90306334506
9388.0,0.97385,387822.8224057576
9389.0,0.933333,371641.106297296
9390.0,0.906054,360733.9538846928
9391.0,0.936019,372617.6395282676
9392.0,0.970632,386348.42448101076
9393.0,0.978997,389629.3684854148
9394.0,0.971231,386490.32910980843
9395.0,0.938235,373313.3198201375
9396.0,0.915909,364384.5308583764
9397.0,0.94531,376034.4161537897
9398.0,0.976632,388445.4328767876
9399.0,0.98451,391529.88467831165
9400.0,0.987148,392529.91346841626
9401.0,0.989412,393380.9769544166
9402.0,0.990404,393726.1391379239
9403.0,0.990855,393856.15584250673
9404.0,0.989965,393453.1545977964
9405.0,0.989303,393140.8431441501
9406.0,0.990148,393427.38789791893
9407.0,0.990679,393589.0947790997
9408.0,0.989687,393145.7444599232
9409.0,0.987826,392357.3283270085
9410.0,0.986516,391787.91917259817
9411.0,0.987263,392035.4571820581
9412.0,0.987656,392142.3634747077
9413.0,0.985905,391398.07218562247
9414.0,0.983112,390240.3356682296
9415.0,0.982551,389968.7409946045
9416.0,0.983957,390477.79111192364
9417.0,0.987704,391915.5934230132
9418.0,0.990853,393115.7653094022
9419.0,0.990811,393049.7659396452
9420.0,0.989691,392556.1833022718
9421.0,0.989411,392395.84843640873
9422.0,0.989262,392287.4850297521
9423.0,0.989768,392438.8373090795
9424.0,0.990221,392569.12365570583
9425.0,0.991676,393096.5499331792
9426.0,0.993371,393718.95047869836
9427.0,0.992319,393252.55174883193
9428.0,0.9897,392165.33545114455
9429.0,0.987314,391170.69018897525
9430.0,0.987653,391255.77950603416
9431.0,0.990443,392311.66536818934
9432.0,0.990878,392434.5778465962
9433.0,0.988598,391482.3100057198
9434.0,0.986634,390655.38513441506
9435.0,0.987957,391129.96826403943
9436.0,0.990616,392133.26849504793
9437.0,0.99029,391954.84262971143
9438.0,0.989851,391731.72596539377
9439.0,0.991437,392309.9383925303
9440.0,0.992431,392653.76499810873
9441.0,0.991452,392216.97276112257
9442.0,0.990103,391633.9214463973
9443.0,0.99009,391579.3873665908
9444.0,0.991468,392074.92027506285
9445.0,0.992925,392601.54849040805
9446.0,0.993686,392852.8646284681
9447.0,0.992015,392142.73346846557
9448.0,0.986626,389963.2285271323
9449.0,0.984422,389042.9678601589
9450.0,0.988571,390633.3081485182
9451.0,0.991998,391937.9687201065
9452.0,0.991342,391629.29583864444
9453.0,0.989194,390731.34524140926
9454.0,0.988296,390327.2927284716
9455.0,0.986567,389595.16449488257
9456.0,0.98198,387734.7242580633
9457.0,0.981495,387494.20808734855
9458.0,0.98787,389961.7220691857
9459.0,0.991558,391368.0365382124
9460.0,0.991288,391211.9537367707
9461.0,0.992407,391603.9940033009
9462.0,0.994886,392532.50722515414
9463.0,0.995653,392785.3847109118
9464.0,0.994383,392234.6867018931
9465.0,0.991803,391167.447598412
9466.0,0.9897,390288.5679297398
9467.0,0.99066,390617.6370608237
9468.0,0.993105,391532.06860785984
9469.0,0.99486,392174.2539372822
9470.0,0.995522,392385.4538645675
9471.0,0.995158,392192.23702229495
9472.0,0.993881,391639.2849904406
9473.0,0.99247,391033.6610956011
9474.0,0.991535,390615.6952556245
9475.0,0.990832,390289.2043726182
9476.0,0.990322,390038.79349223425
9477.0,0.990252,389961.7023909114
9478.0,0.990267,389918.08365366235
9479.0,0.990536,389974.4599100608
9480.0,0.992143,390557.51011044165
9481.0,0.994621,391483.222082574
9482.0,0.995764,391883.2929782733
9483.0,0.993667,391008.30499666114
9484.0,0.989708,389400.91898276407
9485.0,0.988519,388883.64453514176
9486.0,0.990011,389421.057700237
9487.0,0.990795,389679.86165683507
9488.0,0.991727,389996.78481988364
9489.0,0.992718,390336.8101593087
9490.0,0.991936,389979.6779415968
9491.0,0.989501,388972.8264148397
9492.0,0.989112,388770.39550854516
9493.0,0.989905,389032.5260875019
9494.0,0.990598,389255.2789927445
9495.0,0.992085,389789.9215979824
9496.0,0.993459,390280.0199977836
9497.0,0.993159,390112.4310284156
9498.0,0.991835,389542.6933565166
9499.0,0.991597,389399.5566035834
9500.0,0.991449,389291.77888317616
9501.0,0.991067,389092.14453003916
9502.0,0.990024,388633.0702362336
9503.0,0.988539,388000.61264534807
9504.0,0.989006,388134.3609813134
9505.0,0.989359,388223.32585768215
9506.0,0.98833,387770.0262172154
9507.0,0.984948,386393.74785082304
9508.0,0.981191,384870.712081484
9509.0,0.983428,385698.88693185936
9510.0,0.989626,388080.13375688164
9511.0,0.992233,389052.7316544458
9512.0,0.990178,388197.33712858264
9513.0,0.986934,386876.0599799138
9514.0,0.986266,386564.7624209297
9515.0,0.98614,386465.9372534333
9516.0,0.983314,385309.13337041164
9517.0,0.983285,385248.46700966405
9518.0,0.987857,386990.22942484816
9519.0,0.988689,387266.58319319086
9520.0,0.985186,385845.06104933785
9521.0,0.982764,384847.2033179785
9522.0,0.982676,384763.45528319763
9523.0,0.983438,385012.48502796586
9524.0,0.984219,385268.8727823963
9525.0,0.987601,386543.2004724824
9526.0,0.988999,387040.7554415452
9527.0,0.988248,386697.2724852812
9528.0,0.989324,387068.66760424763
9529.0,0.991007,387677.4073666717
9530.0,0.991441,387797.4348131308
9531.0,0.991142,387630.7430280703
9532.0,0.992082,387948.5828725388
9533.0,0.992799,388179.1335701181
9534.0,0.992031,387829.05674882286
9535.0,0.992198,387844.54023301176
9536.0,0.992689,387986.637485573
9537.0,0.991956,387650.3507645882
9538.0,0.991824,387548.9716638072
9539.0,0.992568,387789.85038146685
9540.0,0.992122,387565.78596972796
9541.0,0.991275,387185.1356171008
9542.0,0.991516,387229.4780400822
9543.0,0.992022,387377.2739082271
9544.0,0.991759,387224.76585734595
9545.0,0.991696,387150.3597797353
9546.0,0.992318,387343.3413937167
9547.0,0.992432,387337.9894644481
9548.0,0.991441,386901.4063856173
9549.0,0.991243,386774.3416850227
9550.0,0.99269,387289.07599677495
9551.0,0.993032,387372.6117820759
9552.0,0.991463,386710.742941799
9553.0,0.990815,386408.21000050014
9554.0,0.991723,386712.48604831274
9555.0,0.991731,386665.7672490421
9556.0,0.990609,386178.52620896586
9557.0,0.990153,385950.9948078581
9558.0,0.990911,386196.6496040787
9559.0,0.99157,386403.6462517643
9560.0,0.991674,386394.32454692473
9561.0,0.991838,386408.36492559995
9562.0,0.991986,386416.1534644851
9563.0,0.989982,385585.7469969547
9564.0,0.98023,381738.17869067256
9565.0,0.964733,375654.559625172
9566.0,0.966043,376116.07980892627
9567.0,0.98333,382797.0960531501
9568.0,0.993117,386557.09935879876
9569.0,0.99407,386878.0471584484
9570.0,0.993023,386420.62516249716
9571.0,0.993277,386469.5058214922
9572.0,0.994507,386898.056445034
9573.0,0.995106,387081.0313017848
9574.0,0.994512,386799.9444769029
9575.0,0.992909,386126.5307039901
9576.0,0.992741,386011.2520869054
9577.0,0.993668,386321.7056606341
9578.0,0.992879,385964.9972145258
9579.0,0.99236,385713.3099263396
9580.0,0.992674,385785.4031610622
9581.0,0.991308,385204.6440997403
9582.0,0.99021,384728.1464857775
9583.0,0.990405,384754.06345508975
9584.0,0.989442,384330.15488556575
9585.0,0.988024,383729.6274031011
9586.0,0.988625,383913.2794879213
9587.0,0.990481,384584.16017716186
9588.0,0.99318,385582.12923330587
9589.0,0.994288,385962.2303955484
9590.0,0.992584,385250.79825093085
9591.0,0.991542,384796.44335257047
9592.0,0.992018,384931.21808357886
9593.0,0.992549,385087.2811728127
9594.0,0.994044,385617.2506386438
9595.0,0.995942,386303.38162833854
9596.0,0.995808,386201.2544432337
9597.0,0.994211,385531.8210229467
9598.0,0.993032,385024.61559613474
9599.0,0.992412,384734.2373232573
9600.0,0.991929,384497.02376395086
9601.0,0.986989,382532.43387485313
9602.0,0.973304,377179.43493637076
9603.0,0.968102,375114.757966319
9604.0,0.980545,379886.69989376824
9605.0,0.990503,383694.7620746752
9606.0,0.991054,383858.26844145986
9607.0,0.986939,382214.7016664114
9608.0,0.98435,381162.4487414191
9609.0,0.988595,382756.38843064726
9610.0,0.992806,384336.73576211627
9611.0,0.992682,384238.70223584864
9612.0,0.99228,384033.0870465895
9613.0,0.992804,384185.8447029394
9614.0,0.994259,384698.76978695585
9615.0,0.995031,384947.31386493164
9616.0,0.994368,384640.69214436953
9617.0,0.993487,384249.81934128597
9618.0,0.992826,383944.1111118062
9619.0,0.991379,383334.5461746581
9620.0,0.986485,381392.4540242014
9621.0,0.972217,375827.1724930974
9622.0,0.957064,369921.260305611
9623.0,0.966755,373618.24329510675
9624.0,0.985413,380779.23793161765
9625.0,0.991166,382952.3022662031
9626.0,0.991013,382843.2075628909
9627.0,0.991191,382861.9796332101
9628.0,0.991541,382947.16035112
9629.0,0.991857,383019.1739723236
9630.0,0.99298,383402.7469005813
9631.0,0.993765,383655.7150882295
9632.0,0.993734,383593.61577657855
9633.0,0.993801,383569.34166332794
9634.0,0.991514,382636.6230045555
9635.0,0.977938,377348.1479572233
9636.0,0.94452,364405.7876491368
9637.0,0.919272,354618.457657331
9638.0,0.937556,361624.3856468694
9639.0,0.971374,374619.2959546947
9640.0,0.975329,376095.35806838505
9641.0,0.947303,365240.4807139265
9642.0,0.937139,361274.37003448326
9643.0,0.965972,372340.9617537232
9644.0,0.989382,381314.5796382856
9645.0,0.994192,383118.20402668125
9646.0,0.992645,382471.95127528434
9647.0,0.989595,381246.813755162
9648.0,0.987371,380340.16135181626
9649.0,0.986728,380042.6605872243
9650.0,0.986782,380013.64014055155
9651.0,0.987415,380207.55814464425
9652.0,0.98955,380979.6846423022
9653.0,0.992248,381968.32174622134
9654.0,0.9921,381861.25331943977
9655.0,0.990947,381367.42207055574
9656.0,0.991249,381433.59068161185
9657.0,0.990687,381167.3023609778
9658.0,0.989305,380585.6148158979
9659.0,0.988948,380398.33058262477
9660.0,0.984557,378659.6081797278
9661.0,0.9658,371396.9041661494
9662.0,0.946514,363932.69362621644
9663.0,0.95597,367520.21781565895
9664.0,0.977114,375599.6160518271
9665.0,0.986643,379212.69264066545
9666.0,0.987422,379462.215501389
9667.0,0.986516,379064.20427578024
9668.0,0.981263,376996.1876755052
9669.0,0.97114,373057.9171194436
9670.0,0.972384,373486.66179981217
9671.0,0.984257,377997.27479142847
9672.0,0.988584,379609.07683139655
9673.0,0.984952,378164.6436698999
9674.0,0.985994,378514.8853802955
9675.0,0.989622,379857.633085596
9676.0,0.989696,379836.02043980843
9677.0,0.990254,380000.12864129816
9678.0,0.992129,380669.49767925934
9679.0,0.991173,380252.59339475026
9680.0,0.988895,379328.68000437215
9681.0,0.990093,379738.1727504856
9682.0,0.992407,380575.5144224082
9683.0,0.993021,380760.7777960416
9684.0,0.993478,380885.78563744243
9685.0,0.993821,380967.04519570305
9686.0,0.993244,380695.6459589122
9687.0,0.991866,380117.332385265
9688.0,0.990465,379530.34313418705
9689.0,0.986949,378133.1665503521
9690.0,0.970255,371688.07759557955
9691.0,0.941973,360806.0967126817
9692.0,0.941996,360767.2726916839
9693.0,0.970514,371640.0685797319
9694.0,0.98742,378063.9688747667
9695.0,0.990015,379007.476900211
9696.0,0.990031,378963.5324978642
9697.0,0.990806,379210.07598406234
9698.0,0.990448,379022.9648425721
9699.0,0.986081,377301.93364611635
9700.0,0.98104,375323.4855278303
9701.0,0.983103,376063.0144238106
9702.0,0.988809,378195.6929449692
9703.0,0.991117,379028.3110233713
9704.0,0.990529,378753.3364803157
9705.0,0.988299,377850.64340107597
9706.0,0.984861,376486.3877610439
9707.0,0.982803,375649.9461421959
9708.0,0.984778,376355.0125961116
9709.0,0.987138,377206.99448809255
9710.0,0.988155,377545.6142585557
9711.0,0.987484,377239.2786429101
9712.0,0.980218,374413.91685814265
9713.0,0.964247,368264.68005106866
9714.0,0.953093,363956.52026847727
9715.0,0.959885,366501.59791993705
9716.0,0.974521,372040.5718860567
9717.0,0.981,374464.3971701329
9718.0,0.975433,372290.0115257107
9719.0,0.965002,368260.00860587927
9720.0,0.966616,368827.01270614326
9721.0,0.978169,373185.7252238888
9722.0,0.984978,375733.6016986417
9723.0,0.98589,376031.59290575
9724.0,0.984582,375482.86503797595
9725.0,0.983287,374939.22514171875
9726.0,0.985301,375657.3090655596
9727.0,0.987956,376619.5437351594
9728.0,0.985875,375776.33328451426
9729.0,0.973863,371148.53267935634
9730.0,0.951511,362581.79720208637
9731.0,0.943485,359475.64905796724
9732.0,0.95992,365688.91862616205
9733.0,0.975285,371492.95192341425
9734.0,0.982255,374098.13803146913
9735.0,0.984695,374977.566575506
9736.0,0.9852,375119.9853416995
9737.0,0.982136,373903.617095999
9738.0,0.978442,372447.7458106686
9739.0,0.979985,372985.4664298187
9740.0,0.981956,373685.9058799155
9741.0,0.981365,373411.29829641734
9742.0,0.980714,373113.9221120059
9743.0,0.980051,372812.0456842617
9744.0,0.976222,371306.0469164136
9745.0,0.964037,366622.65322174964
9746.0,0.95482,363069.0707228743
9747.0,0.964103,366550.08463919663
9748.0,0.978622,372020.60858116776
9749.0,0.984737,374295.32722942566
9750.0,0.983155,373644.21028467396
9751.0,0.973738,370015.9881168937
9752.0,0.955897,363188.0640320248
9753.0,0.947322,359882.04513660364
9754.0,0.953178,362058.4145803679
9755.0,0.960706,364869.2029265461
9756.0,0.962453,365483.9380371474
9757.0,0.963255,365739.6864446432
9758.0,0.965215,366434.97635443194
9759.0,0.970284,368310.21205380256
9760.0,0.977727,371085.9594497429
9761.0,0.980577,372117.95938698016
9762.0,0.982885,372944.0137965128
9763.0,0.984584,373538.7861132569
9764.0,0.976937,370588.1037594476
9765.0,0.967849,367091.64399606595
9766.0,0.974296,369487.5259622048
9767.0,0.985891,373834.79617753363
9768.0,0.990242,375434.44298112317
9769.0,0.986833,374091.96074147575
9770.0,0.982231,372297.6368797292
9771.0,0.983663,372790.55561385985
9772.0,0.98795,374365.1768628569
9773.0,0.990578,375310.7994137059
9774.0,0.989717,374934.4167678378
9775.0,0.987097,373891.8475611985
9776.0,0.987359,373941.03847696976
9777.0,0.989926,374863.05413291097
9778.0,0.988992,374459.23469186417
9779.0,0.978362,370384.8313601207
9780.0,0.963405,364673.623636083
9781.0,0.963158,364531.2997154812
9782.0,0.977848,370041.52473534
9783.0,0.989805,374516.16388379905
9784.0,0.992784,375593.00576288055
9785.0,0.990324,374612.1215143073
9786.0,0.986985,373299.0288468441
9787.0,0.985788,372796.31570710463
9788.0,0.988869,373911.32098895224
9789.0,0.992972,375412.3997584503
9790.0,0.993095,375408.54667968163
9791.0,0.990354,374322.17953993636
9792.0,0.986842,372944.7150445296
9793.0,0.984567,372035.0267170693
9794.0,0.987603,373132.1485000516
9795.0,0.99167,374618.43727994536
9796.0,0.98888,373514.32415060146
9797.0,0.979506,369923.9545419466
9798.0,0.973857,367741.14343979355
9799.0,0.975304,368238.08687709476
9800.0,0.97364,367560.44381084404
9801.0,0.967626,365241.0134896812
9802.0,0.967213,365036.0668526123
9803.0,0.975681,368182.49083835416
9804.0,0.982929,370867.7381685752
9805.0,0.98464,371463.3714400998
9806.0,0.986196,372000.3630496674
9807.0,0.99103,373773.51522735716
9808.0,0.994056,374864.36861914326
9809.0,0.990894,373621.696744708
9810.0,0.98513,371398.379182283
9811.0,0.983566,370758.8510449527
9812.0,0.984692,371133.3496848957
9813.0,0.982008,370071.9260956665
9814.0,0.972697,366513.71023226
9815.0,0.969795,365371.03400236095
9816.0,0.976072,367686.3811913806
9817.0,0.968719,364867.3602773262
9818.0,0.957391,360552.1051629233
9819.0,0.966514,363938.7789208946
9820.0,0.978996,368589.1799734851
9821.0,0.982447,369838.6262690877
9822.0,0.981607,369472.60778698314
9823.0,0.981659,369442.3733664068
9824.0,0.984545,370478.550531816
9825.0,0.987125,371399.30350974615
9826.0,0.988379,371820.96232725424
9827.0,0.987275,371355.55033252796
9828.0,0.988759,371863.5736254633
9829.0,0.992088,373065.24017895514
9830.0,0.991343,372734.7859252676
9831.0,0.98622,370758.5456070269
9832.0,0.980605,368597.8874172277
9833.0,0.978738,367846.43725010584
9834.0,0.97085,364832.56379483495
9835.0,0.955852,359148.0072073238
9836.0,0.954649,358647.5501631757
9837.0,0.967128,363286.64576199645
9838.0,0.977754,367228.51733240177
9839.0,0.981361,368533.4434797907
9840.0,0.983823,369408.0756015716
9841.0,0.985778,370092.11332592287
9842.0,0.985295,369860.7736251249
9843.0,0.984027,369334.8481916062
9844.0,0.98249,368708.1006465549
9845.0,0.98242,368631.9686088375
9846.0,0.980143,367727.82573362277
9847.0,0.97622,366206.454316313
9848.0,0.976735,366350.0687089993
9849.0,0.97936,367284.9338708472
9850.0,0.980761,367760.56285405235
9851.0,0.983123,368596.35086011863
9852.0,0.984501,369063.0232125028
9853.0,0.981668,367951.1777998407
9854.0,0.975321,365522.67173608043
9855.0,0.971103,363892.59020006616
9856.0,0.973519,364748.49796359445
9857.0,0.973382,364647.7565608819
9858.0,0.965722,361729.1487907894
9859.0,0.964699,361296.99307586683
9860.0,0.974346,364860.50440690934
9861.0,0.978813,366483.5591604601
9862.0,0.976174,365445.91817418725
9863.0,0.975047,364974.5085060426
9864.0,0.976793,365578.47321652574
9865.0,0.9793,366467.0363622473
9866.0,0.980556,366887.267127973
9867.0,0.980885,366960.5682461723
9868.0,0.981735,367228.72115792724
9869.0,0.979834,366467.88522498496
9870.0,0.975954,364967.17612064374
9871.0,0.97642,365091.86738512595
9872.0,0.982146,367183.00315702334
9873.0,0.985162,368260.5397565299
9874.0,0.981847,366971.51833907043
9875.0,0.98011,366272.5403846133
9876.0,0.983232,367389.3268426786
9877.0,0.984682,367881.1298905032
9878.0,0.982272,366930.8697670433
9879.0,0.980734,366306.5480275045
9880.0,0.981931,366703.7723149291
9881.0,0.983042,367068.76209672226
9882.0,0.982846,366945.6699838109
9883.0,0.981046,366223.8251733568
9884.0,0.980015,365789.19085407554
9885.0,0.982853,366798.5630248511
9886.0,0.985776,367839.3640337987
9887.0,0.983198,366827.4654038697
9888.0,0.97888,365166.7290812673
9889.0,0.98011,365575.8052951827
9890.0,0.984244,367067.7852300986
9891.0,0.983108,366594.19822084386
9892.0,0.96929,361392.3397826242
9893.0,0.947365,353169.6632746709
9894.0,0.947663,353232.63117187575
9895.0,0.970133,361558.85072253906
9896.0,0.981027,365569.11636355094
9897.0,0.980853,365454.46657983656
9898.0,0.975837,363536.00688077393
9899.0,0.95761,356697.1325075581
9900.0,0.939478,349895.4904893768
9901.0,0.952402,354660.48708564177
9902.0,0.974129,362701.83124981384
9903.0,0.980362,364972.8044423859
9904.0,0.98246,365703.96106671554
9905.0,0.984346,366356.0016581689
9906.0,0.984784,366469.00416614895
9907.0,0.979574,364480.4508231225
9908.0,0.972272,361714.1400682163
9909.0,0.974594,362528.49655552197
9910.0,0.976191,363072.96894707537
9911.0,0.970829,361029.3838729475
9912.0,0.970867,360994.2069835483
9913.0,0.975921,362823.8535978598
9914.0,0.977804,363474.2464267251
9915.0,0.980116,364283.89598617604
9916.0,0.983589,365524.76530151087
9917.0,0.986166,366432.3524570154
9918.0,0.984027,365587.58032155444
9919.0,0.975034,362196.9622382625
9920.0,0.962975,357668.4827289255
9921.0,0.954361,354420.5959828973
9922.0,0.963755,357860.2919011461
9923.0,0.980614,364070.5485991208
9924.0,0.983966,365265.0623738221
9925.0,0.980356,363875.17519599054
9926.0,0.981435,364225.81547173974
9927.0,0.98767,366489.5559815637
9928.0,0.990411,367456.3400457609
9929.0,0.982311,364401.2334245271
9930.0,0.960614,356303.65342678246
9931.0,0.945248,350556.2022360122
9932.0,0.955316,354241.51436725433
9933.0,0.973383,360891.51309912757
9934.0,0.984788,365070.0113914926
9935.0,0.988841,366522.27005607646
9936.0,0.987856,366106.99549388763
9937.0,0.979637,363011.21252525266
9938.0,0.960615,355913.687308237
9939.0,0.948973,351552.0542852868
9940.0,0.964786,357361.0588877347
9941.0,0.984184,364496.1749712588
9942.0,0.988475,366035.15453177696
9943.0,0.984604,364551.70043372904
9944.0,0.980853,363113.06365006324
9945.0,0.984357,364360.24982162507
9946.0,0.99194,367116.7167147927
9947.0,0.994164,367889.3210008543
9948.0,0.987327,365309.1462125954
9949.0,0.972502,359774.5265844402
9950.0,0.963028,356220.7293590088
9951.0,0.970382,358891.6588215336
9952.0,0.982415,363292.111764082
9953.0,0.988946,365657.00988148636
9954.0,0.988693,365513.24469117983
9955.0,0.981589,362837.0839112146
9956.0,0.973303,359724.7873179019
9957.0,0.974563,360140.9707183393
9958.0,0.981853,362785.051961755
9959.0,0.986836,364576.09593945305
9960.0,0.98823,365040.89801714616
9961.0,0.977491,361024.38287487853
9962.0,0.951922,351532.4323037835
9963.0,0.944031,348570.437154742
9964.0,0.964121,355939.42104448914
9965.0,0.980125,361798.0799596042
9966.0,0.985775,363833.61905463604
9967.0,0.98959,365191.4085926
9968.0,0.992044,366046.6257871233
9969.0,0.989842,365183.8488935337
9970.0,0.982985,362604.1562877891
9971.0,0.974859,359557.11524020386
9972.0,0.975697,359816.63538277766
9973.0,0.983713,362722.8020693972
9974.0,0.987306,363997.49400260067
9975.0,0.986884,363791.78485938493
9976.0,0.987286,363889.82522884966
9977.0,0.987281,363837.8351503642
9978.0,0.983445,362374.2206011095
9979.0,0.98163,361655.5797890425
9980.0,0.982277,361844.0571339302
9981.0,0.977552,360053.843452886
9982.0,0.973187,358396.6875093759
9983.0,0.977163,359811.3010580244
9984.0,0.983353,362040.6382518022
9985.0,0.98421,362306.1694195402
9986.0,0.981235,361161.1772180808
9987.0,0.982129,361440.3458665556
9988.0,0.985582,362661.04986062675
9989.0,0.98582,362698.55461878155
9990.0,0.982062,361266.0476167056
9991.0,0.973575,358094.5300705598
9992.0,0.964927,354864.6649639343
9993.0,0.94775,348499.45918282296
9994.0,0.918439,337674.7920790617
9995.0,0.90514,332739.2875860138
9996.0,0.909036,334125.3294939757
9997.0,0.916943,336985.0555480665
9998.0,0.940778,345696.8573552044
9999.0,0.961677,353327.52926248463
10000.0,0.977116,358950.3098142825
