wl,flux,bflux
3000.0,0.7228600000000001,38925.01617408731
3001.0,0.6344420000000001,34236.97203330368
3002.0,0.593194,32079.539595492282
3003.0,0.5942109999999999,32203.209690113952
3004.0,0.652249,35424.04349875287
3005.0,0.6956600000000001,37862.311469651766
3006.0,0.675154,36824.55108899441
3007.0,0.638388,34893.37684853986
3008.0,0.6370680000000001,34895.29648336862
3009.0,0.679245,37284.60223552545
3010.0,0.711813,39155.2579620591
3011.0,0.714482,39385.44211970416
3012.0,0.693184,38292.38097451864
3013.0,0.685555,37951.12922910302
3014.0,0.703978,39053.43129019593
3015.0,0.704084,39141.85901235768
3016.0,0.689573,38416.096831803145
3017.0,0.672384,37537.51592382551
3018.0,0.639385,35770.493156680255
3019.0,0.589964,33075.123685747574
3020.0,0.521999,29326.367637187184
3021.0,0.492209,27710.856547862837
3022.0,0.5391239999999999,30415.854364491115
3023.0,0.58921,33311.29971605753
3024.0,0.6081979999999999,34456.862653767406
3025.0,0.6050989999999999,34353.0748746057
3026.0,0.608693,34629.409592966935
3027.0,0.637409,36338.896375713775
3028.0,0.6662819999999999,38064.273884556176
3029.0,0.67909,38876.92403325812
3030.0,0.674851,38714.77274525356
3031.0,0.673741,38731.58057134465
3032.0,0.68802,39634.72953430088
3033.0,0.709803,40974.5722086126
3034.0,0.7300369999999999,42230.12824837844
3035.0,0.7495609999999999,43449.48289760536
3036.0,0.7284689999999999,42314.37966790245
3037.0,0.672017,39116.10546267915
3038.0,0.666539,38877.518182949345
3039.0,0.706214,41276.805906434434
3040.0,0.704535,41263.71272550384
3041.0,0.67177,39425.88740963852
3042.0,0.674204,39650.303657848366
3043.0,0.711778,41946.260697415695
3044.0,0.735101,43409.85964883549
3045.0,0.747581,44237.59208801247
3046.0,0.748147,44362.0084464345
3047.0,0.707955,42064.92634237761
3048.0,0.675647,40227.56380740098
3049.0,0.681802,40677.1702984258
3050.0,0.67479,40341.20512436051
3051.0,0.671651,40235.63386020441
3052.0,0.687846,41289.96696204206
3053.0,0.656079,39463.425512047994
3054.0,0.594884,35855.471931617154
3055.0,0.582507,35180.98568594775
3056.0,0.593172,35898.010963860055
3057.0,0.582387,35316.97471481419
3058.0,0.575376,34962.68962219002
3059.0,0.5914189999999999,36010.47303197298
3060.0,0.629867,38429.26367672453
3061.0,0.67186,41074.363402497554
3062.0,0.690377,42291.823591741595
3063.0,0.675668,41474.4548171588
3064.0,0.638663,39282.17490306789
3065.0,0.618913,38144.24328084052
3066.0,0.5941569999999999,36692.34302421765
3067.0,0.5819380000000001,36010.15334979095
3068.0,0.609851,37813.35573083212
3069.0,0.658478,40910.53664952087
3070.0,0.6998840000000001,43570.40533002996
3071.0,0.695394,43377.77824345559
3072.0,0.669433,41842.1040808497
3073.0,0.6812229999999999,42664.33075978294
3074.0,0.694339,43572.81681170157
3075.0,0.6718970000000001,42248.80463321195
3076.0,0.667452,42053.15810665592
3077.0,0.670513,42330.34814847768
3078.0,0.659103,41693.00474172033
3079.0,0.666317,42233.32535303836
3080.0,0.67495,42865.675649737874
3081.0,0.673597,42864.83083209669
3082.0,0.682232,43500.59180548388
3083.0,0.6898029999999999,44070.65242319641
3084.0,0.694525,44460.34404762132
3085.0,0.699522,44868.96610568649
3086.0,0.659701,42398.52916126672
3087.0,0.576724,37138.96977810126
3088.0,0.5389430000000001,34774.59326153937
3089.0,0.554597,35855.29933880688
3090.0,0.573361,37141.53228354604
3091.0,0.572418,37153.522903024896
3092.0,0.553589,36002.15024305477
3093.0,0.551122,35912.2178106011
3094.0,0.585146,38204.22827392649
3095.0,0.622219,40704.49712562344
3096.0,0.619492,40605.60495017183
3097.0,0.600661,39448.46410877603
3098.0,0.590681,38868.9914478531
3099.0,0.562987,37119.102676589806
3100.0,0.532634,35186.49809740078
3101.0,0.5435800000000001,35979.731283240806
3102.0,0.573184,38013.25146967544
3103.0,0.613046,40736.12975533644
3104.0,0.644035,42878.654007878904
3105.0,0.646081,43098.568604673834
3106.0,0.643223,42991.32955728051
3107.0,0.660651,44241.93099013844
3108.0,0.698548,46870.558660437164
3109.0,0.707901,47590.20057262834
3110.0,0.689954,46473.51417546713
3111.0,0.6743100000000001,45507.667895316525
3112.0,0.678477,45877.41600359872
3113.0,0.687685,46589.86440105306
3114.0,0.6739069999999999,45744.530693668654
3115.0,0.696116,47343.17473655012
3116.0,0.7079300000000001,48239.396990069334
3117.0,0.6512789999999999,44464.52534541792
3118.0,0.6036060000000001,41289.00404369747
3119.0,0.553217,37914.89794670073
3120.0,0.51064,35064.04082694152
3121.0,0.518832,35694.876798784775
3122.0,0.556321,38347.39196147775
3123.0,0.611345,42220.87540018917
3124.0,0.633875,43860.56571642126
3125.0,0.615338,42659.26062816865
3126.0,0.612114,42516.7570367518
3127.0,0.6055010000000001,42137.63549842622
3128.0,0.589522,41103.806442514884
3129.0,0.599076,41849.46628589946
3130.0,0.5937319999999999,41555.03829049059
3131.0,0.593785,41637.71921214947
3132.0,0.6080479999999999,42718.82568109095
3133.0,0.594229,41827.149495590646
3134.0,0.5999329999999999,42308.674124639554
3135.0,0.636407,44965.88079299706
3136.0,0.640556,45344.64524311287
3137.0,0.6445609999999999,45714.3904807485
3138.0,0.669172,47549.49740670865
3139.0,0.683662,48670.76025734739
3140.0,0.7086779999999999,50546.77094680263
3141.0,0.720329,51474.531446060864
3142.0,0.663071,47472.0332295831
3143.0,0.471003,33784.46370874271
3144.0,0.281837,20253.784374938692
3145.0,0.303098,21822.54141667088
3146.0,0.439831,31726.446774600587
3147.0,0.525085,37947.03255288735
3148.0,0.564244,40853.28935135978
3149.0,0.620092,44980.8177693515
3150.0,0.676369,49154.73023084417
3151.0,0.696446,50708.263929166256
3152.0,0.668837,48788.84340476565
3153.0,0.6590520000000001,48164.61822190522
3154.0,0.671725,49182.14076252934
3155.0,0.596532,43757.893675422245
3156.0,0.429227,31543.92367902046
3157.0,0.278794,20526.617623236856
3158.0,0.238721,17608.77545714367
3159.0,0.293016,21653.77900360749
3160.0,0.357841,26493.270365761084
3161.0,0.393317,29173.636894219715
3162.0,0.432602,32146.82131122992
3163.0,0.469197,34930.570109684675
3164.0,0.471509,35167.431077893234
3165.0,0.48226,36035.569374875115
3166.0,0.491255,36775.272301267156
3167.0,0.4895890000000001,36717.96563078221
3168.0,0.495458,37226.40778564892
3169.0,0.48679,36642.28426679406
3170.0,0.5094810000000001,38420.65565045436
3171.0,0.5761729999999999,43529.61761218647
3172.0,0.62388,47220.161193497086
3173.0,0.634135,48084.141008299455
3174.0,0.625369,47506.11413658201
3175.0,0.628084,47799.482481036
3176.0,0.64567,49227.48675580425
3177.0,0.677362,51737.89595176024
3178.0,0.700071,53569.819996382874
3179.0,0.644429,49401.783581163385
3180.0,0.547149,42020.56668456332
3181.0,0.469541,36125.83112894963
3182.0,0.433625,33423.04100935113
3183.0,0.458451,35400.64593354914
3184.0,0.478146,36988.327458425054
3185.0,0.479057,37125.8627295384
3186.0,0.5171939999999999,40153.86296518753
3187.0,0.54714,42555.53993070062
3188.0,0.565421,44056.76985015691
3189.0,0.6010989999999999,46921.19864452983
3190.0,0.601342,47024.728939396766
3191.0,0.5547850000000001,43462.07340853619
3192.0,0.526927,41353.89763247244
3193.0,0.5601659999999999,44041.52051297505
3194.0,0.591663,46601.38593060124
3195.0,0.606591,47862.84900948095
3196.0,0.6290020000000001,49720.109089297
3197.0,0.611051,48387.62091484443
3198.0,0.630855,50045.19960607364
3199.0,0.672346,53431.95568132191
3200.0,0.638709,50849.41401075177
3201.0,0.620851,49515.85444393071
3202.0,0.639687,51109.037036970796
3203.0,0.637704,51041.3204211768
3204.0,0.6161479999999999,49403.72498820703
3205.0,0.6067130000000001,48733.67386491078
3206.0,0.630106,50702.57011161497
3207.0,0.620073,49983.76844877633
3208.0,0.607394,49048.50753956075
3209.0,0.666816,53942.33553811005
3210.0,0.699692,56702.001301174765
3211.0,0.6766300000000001,54930.0235129614
3212.0,0.656668,53403.627395499505
3213.0,0.633774,51632.71991667483
3214.0,0.629638,51386.2008256971
3215.0,0.660497,53999.62412867427
3216.0,0.664514,54423.6475890779
3217.0,0.628871,51595.0475779928
3218.0,0.613453,50418.509048953325
3219.0,0.6295649999999999,51833.53779244134
3220.0,0.666435,54965.345545197095
3221.0,0.694134,57350.1674466975
3222.0,0.678928,56192.01675121399
3223.0,0.675229,55983.601260302836
3224.0,0.696004,57806.89570058931
3225.0,0.703705,58548.53557289751
3226.0,0.709171,59106.21883472753
3227.0,0.69167,57748.044298380606
3228.0,0.667443,55822.3325280544
3229.0,0.6716449999999999,56271.483136704104
3230.0,0.698545,58626.91852514035
3231.0,0.709741,59669.995137808546
3232.0,0.701605,59088.30588695666
3233.0,0.686423,57909.89421861972
3234.0,0.6688729999999999,56527.010618400534
3235.0,0.6588109999999999,55772.99055188464
3236.0,0.658343,55829.71074939617
3237.0,0.714806,60722.65326807162
3238.0,0.769008,65439.82559053919
3239.0,0.741858,63238.28964840329
3240.0,0.7321,62513.976481633545
3241.0,0.76443,65386.96204166726
3242.0,0.78345,67129.09222410487
3243.0,0.793453,68102.97460715842
3244.0,0.790809,67992.52942721755
3245.0,0.795407,68505.1241689781
3246.0,0.8182729999999999,70595.214231352
3247.0,0.8056810000000001,69627.83435318556
3248.0,0.756598,65497.845960891966
3249.0,0.740613,64223.58732375671
3250.0,0.773628,67201.06378969816
3251.0,0.801287,69722.3702545667
3252.0,0.80316,70004.43170784821
3253.0,0.793772,69303.95130171489
3254.0,0.801299,70080.13346344414
3255.0,0.837406,73362.45023308427
3256.0,0.865806,75979.27289841816
3257.0,0.872339,76682.44581858693
3258.0,0.876692,77195.7124650656
3259.0,0.881547,77754.65903592396
3260.0,0.884861,78179.00912359542
3261.0,0.886335,78441.61210188076
3262.0,0.8922329999999999,79096.9510747328
3263.0,0.8859959999999999,78676.57022959915
3264.0,0.847878,75418.61789407933
3265.0,0.831966,74127.89602327786
3266.0,0.864869,77189.22272791156
3267.0,0.8950030000000001,80012.97516060594
3268.0,0.908515,81357.38327804356
3269.0,0.909899,81618.07542126066
3270.0,0.875928,78702.62452698099
3271.0,0.8185819999999999,73673.27782241556
3272.0,0.797064,71856.71271417294
3273.0,0.822794,74300.36881144968
3274.0,0.855294,77364.25282112889
3275.0,0.869043,78739.1255437353
3276.0,0.847126,76881.36754455698
3277.0,0.8163,74207.19369280609
3278.0,0.816421,74341.7634281557
3279.0,0.8258840000000001,75328.54540705828
3280.0,0.813394,74312.63974440742
3281.0,0.776121,71025.07693554551
3282.0,0.7599819999999999,69663.53331525203
3283.0,0.781536,71758.0210256249
3284.0,0.807253,74242.01783106962
3285.0,0.826475,76135.60727134421
3286.0,0.8345959999999999,77010.82063995529
3287.0,0.822543,76024.01172995011
3288.0,0.817878,75717.58994318476
3289.0,0.839151,77815.08917098815
3290.0,0.857406,79638.85971204087
3291.0,0.853475,79404.20390812706
3292.0,0.850874,79292.3862067787
3293.0,0.867132,80940.21561907581
3294.0,0.8736520000000001,81682.66435947461
3295.0,0.8622479999999999,80748.64800130716
3296.0,0.856505,80342.24791556146
3297.0,0.85103,79959.36332969904
3298.0,0.8527540000000001,80252.38977562606
3299.0,0.8443139999999999,79587.95036616585
3300.0,0.847606,80028.71513355318
3301.0,0.855261,80883.20545621189
3302.0,0.825939,78237.48748895599
3303.0,0.820903,77887.07115254663
3304.0,0.829651,78845.14447631875
3305.0,0.8103819999999999,77139.11544277616
3306.0,0.801721,76438.6236906584
3307.0,0.775157,74025.84587896352
3308.0,0.7337100000000001,70181.33509926042
3309.0,0.740834,70977.54143390115
3310.0,0.750553,72025.06305959498
3311.0,0.753409,72416.02788285815
3312.0,0.7797810000000001,75071.9223294771
3313.0,0.770321,74280.87251002215
3314.0,0.7379979999999999,71278.7696319277
3315.0,0.736675,71265.62079291695
3316.0,0.724658,70215.94480410487
3317.0,0.706118,68529.54194276081
3318.0,0.720186,70007.16598160451
3319.0,0.730336,71107.79135201563
3320.0,0.7077479999999999,69019.08120361873
3321.0,0.701052,68475.65282775002
3322.0,0.681384,66661.13299131379
3323.0,0.6416,62869.39925434336
3324.0,0.663119,65081.86783903374
3325.0,0.6964520000000001,68462.49070831118
3326.0,0.681109,67061.07012019648
3327.0,0.662274,65310.54515883775
3328.0,0.681573,67320.77585848654
3329.0,0.6920850000000001,68467.85014271228
3330.0,0.6878770000000001,68159.74439378924
3331.0,0.726172,72068.57977322917
3332.0,0.749513,74503.09679353904
3333.0,0.710467,70733.82564086275
3334.0,0.684563,68262.80550925895
3335.0,0.68092,68007.00795544969
3336.0,0.644492,64470.54894278973
3337.0,0.608359,60952.20595220344
3338.0,0.609885,61201.55976853591
3339.0,0.609099,61219.08973962679
3340.0,0.597262,60123.97755064075
3341.0,0.607969,61298.16724837207
3342.0,0.632767,63898.7713423109
3343.0,0.6560520000000001,66354.28568994203
3344.0,0.676779,68558.13827987052
3345.0,0.688192,69823.6562381458
3346.0,0.681305,69233.25769494551
3347.0,0.6710079999999999,68293.67971975211
3348.0,0.649211,66178.62048575959
3349.0,0.623671,63674.5399909617
3350.0,0.658012,67285.56551144802
3351.0,0.716797,73411.06108889317
3352.0,0.760137,77971.12978229625
3353.0,0.780205,80154.28034980792
3354.0,0.777975,80049.58241857795
3355.0,0.785697,80969.85625940784
3356.0,0.753549,77777.50730470743
3357.0,0.626745,64789.8620418674
3358.0,0.446453,46223.72959354828
3359.0,0.295429,30634.784572813754
3360.0,0.237327,24647.94584501511
3361.0,0.294297,30611.929195819313
3362.0,0.441845,46030.47982682186
3363.0,0.5840930000000001,60943.5375895494
3364.0,0.645084,67411.10404557492
3365.0,0.6526430000000001,68306.1449825331
3366.0,0.6538470000000001,68537.54740338297
3367.0,0.634554,66617.56494866025
3368.0,0.567062,59623.55535163599
3369.0,0.483642,50930.49551384146
3370.0,0.43696,46085.20865727618
3371.0,0.429736,45392.803771652994
3372.0,0.4603100000000001,48696.80767503559
3373.0,0.526826,55818.93009451165
3374.0,0.586226,62207.539661437644
3375.0,0.620943,65992.22054339632
3376.0,0.652015,69400.25523713515
3377.0,0.684034,72919.39573413637
3378.0,0.699725,74705.75727452991
3379.0,0.6754680000000001,72225.77139240738
3380.0,0.639916,68528.389533728
3381.0,0.6498619999999999,69699.27586549251
3382.0,0.6831470000000001,73380.43393273425
3383.0,0.6757350000000001,72694.39587949227
3384.0,0.647439,69755.94126406229
3385.0,0.633063,68310.35292198717
3386.0,0.620617,67068.70775084569
3387.0,0.6128239999999999,66326.66068239634
3388.0,0.616726,66849.80508191985
3389.0,0.646856,70221.5550332692
3390.0,0.674922,73378.83044830461
3391.0,0.6617149999999999,72051.32544861766
3392.0,0.644492,70281.61717263017
3393.0,0.663907,72507.69670660244
3394.0,0.691301,75612.93926006118
3395.0,0.6974670000000001,76401.8897606044
3396.0,0.719979,78986.19538801536
3397.0,0.762594,83786.7042660672
3398.0,0.7777149999999999,85576.00073912986
3399.0,0.771986,85072.68750534109
3400.0,0.791197,87320.05639801067
3401.0,0.7971600000000001,88109.54378024963
3402.0,0.758389,83949.28258187295
3403.0,0.748373,82964.06370571838
3404.0,0.7792560000000001,86516.39905759026
3405.0,0.769193,85526.24624677209
3406.0,0.7356010000000001,81912.77523349274
3407.0,0.748016,83418.98329082846
3408.0,0.771887,86208.84805550678
3409.0,0.738514,82603.869847896
3410.0,0.7270479999999999,81441.86810545788
3411.0,0.786974,88285.10652882201
3412.0,0.787567,88482.30478067727
3413.0,0.714024,80338.37048502175
3414.0,0.709615,79960.17335154513
3415.0,0.780557,88083.737140315
3416.0,0.802964,90745.85414402293
3417.0,0.783326,88656.85242361014
3418.0,0.8221930000000001,93192.72921136922
3419.0,0.8572,97303.47435696582
3420.0,0.8185439999999999,93051.97295822651
3421.0,0.7981090000000001,90862.05975845935
3422.0,0.821573,93670.48808900901
3423.0,0.8019109999999999,91562.6796954581
3424.0,0.770864,88146.53192173746
3425.0,0.7973819999999999,91312.13129142475
3426.0,0.8226469999999999,94342.98238444784
3427.0,0.816516,93776.55153620202
3428.0,0.826583,95071.19435497231
3429.0,0.846723,97529.54673075426
3430.0,0.8484809999999999,97874.32625492726
3431.0,0.837844,96787.90512077835
3432.0,0.816405,94448.33193624577
3433.0,0.793233,91900.85848692263
3434.0,0.816839,94773.05221104127
3435.0,0.859181,99830.24203454114
3436.0,0.850282,98939.32704777195
3437.0,0.8240280000000001,96023.13777121667
3438.0,0.8327200000000001,97176.29316655916
3439.0,0.831791,97208.09013178044
3440.0,0.7870229999999999,92108.97098486376
3441.0,0.768016,90014.09907818098
3442.0,0.791567,92908.0126281861
3443.0,0.782134,91932.97779768711
3444.0,0.772804,90966.95341861092
3445.0,0.806077,95019.86290942112
3446.0,0.830017,97982.3596661391
3447.0,0.8542219999999999,100984.36792140821
3448.0,0.886817,104987.92637494864
3449.0,0.882976,104682.87784451764
3450.0,0.8670329999999999,102939.78214846052
3451.0,0.8658100000000001,102941.51043865569
3452.0,0.8470620000000001,100856.27356816862
3453.0,0.82052,97835.42336664388
3454.0,0.835325,99742.70340459114
3455.0,0.877951,104981.8186440689
3456.0,0.902993,108129.90385147273
3457.0,0.895133,107341.10986403594
3458.0,0.867599,104187.13550147416
3459.0,0.856195,102963.60651829634
3460.0,0.8532200000000001,102751.35377604752
3461.0,0.832476,100395.25266755621
3462.0,0.832828,100579.89238829918
3463.0,0.8661200000000001,104748.49060853086
3464.0,0.8939950000000001,108272.48852943881
3465.0,0.8860129999999999,107457.2966505209
3466.0,0.864849,105038.46284553887
3467.0,0.869607,105765.20529430188
3468.0,0.8923530000000001,108684.5131485555
3469.0,0.916067,111729.76072307749
3470.0,0.926811,113199.08891117846
3471.0,0.916544,112102.33547342118
3472.0,0.890742,109099.39221824885
3473.0,0.874123,107213.99438393737
3474.0,0.859993,105628.67772349782
3475.0,0.8330989999999999,102468.64861070963
3476.0,0.804041,99032.90754806901
3477.0,0.813824,100377.9307925451
3478.0,0.875972,108194.16826555479
3479.0,0.925498,114470.73409386861
3480.0,0.937753,116148.14378857726
3481.0,0.935015,115970.27604085038
3482.0,0.917869,114002.03149601335
3483.0,0.8909860000000001,110816.90536117539
3484.0,0.8917010000000001,111059.85865053949
3485.0,0.913241,113900.45627677155
3486.0,0.928678,115986.35393093337
3487.0,0.93769,117274.11820617609
3488.0,0.925731,115938.67383841799
3489.0,0.8888719999999999,111476.37916390467
3490.0,0.845269,106154.43783874168
3491.0,0.839024,105515.59697778187
3492.0,0.8678440000000001,109290.51794189858
3493.0,0.8883559999999999,112027.81890091916
3494.0,0.907004,114536.93173103662
3495.0,0.9006280000000001,113888.21062493826
3496.0,0.872741,110513.45760816749
3497.0,0.863276,109465.02981962723
3498.0,0.8820879999999999,112003.88138040688
3499.0,0.908352,115496.87794622603
3500.0,0.902731,114939.37106751252
3501.0,0.885423,112889.9119713948
3502.0,0.886503,113182.14077744188
3503.0,0.906007,115830.27602759215
3504.0,0.921659,117992.15551802366
3505.0,0.915982,117425.28422732875
3506.0,0.91143,117000.92625199468
3507.0,0.921565,118463.00338168141
3508.0,0.93217,119989.20108280412
3509.0,0.91576,118037.08343016557
3510.0,0.87979,113554.6883726075
3511.0,0.880065,113744.27178548006
3512.0,0.893407,115625.16391359452
3513.0,0.8673690000000001,112407.32723762831
3514.0,0.845326,109698.87068533794
3515.0,0.87074,113149.62528473398
3516.0,0.916217,119220.01050360205
3517.0,0.938115,122234.15288191367
3518.0,0.932696,121691.92740423327
3519.0,0.909734,118855.89928900941
3520.0,0.882074,115397.25831218729
3521.0,0.8759299999999999,114747.57525779006
3522.0,0.893409,117194.59424675207
3523.0,0.8956540000000001,117646.81138212344
3524.0,0.86565,113858.21042765361
3525.0,0.835139,109992.33191374532
3526.0,0.817766,107848.42673828479
3527.0,0.8422719999999999,111228.92589190225
3528.0,0.887553,117365.32035305846
3529.0,0.907532,120167.50635153892
3530.0,0.917974,121712.33359780257
3531.0,0.932178,123760.38805949963
3532.0,0.936259,124467.77386277959
3533.0,0.932328,124110.1344818743
3534.0,0.934418,124553.75251151437
3535.0,0.932948,124523.02435176485
3536.0,0.931614,124510.02784552734
3537.0,0.942609,126146.58811225418
3538.0,0.953308,127747.4583185479
3539.0,0.949961,127467.4836023244
3540.0,0.915505,123006.61426611234
3541.0,0.859772,115671.04320688244
3542.0,0.824008,111005.85773562772
3543.0,0.816434,110130.64144449357
3544.0,0.813802,109920.31412057948
3545.0,0.806157,109031.11755686287
3546.0,0.800682,108433.13913989163
3547.0,0.7884979999999999,106923.50787581675
3548.0,0.770171,104575.48965236028
3549.0,0.77152,104896.15831553178
3550.0,0.780674,106279.93157185499
3551.0,0.77248,105302.20326728298
3552.0,0.745033,101693.66396770232
3553.0,0.694401,94906.59729169389
3554.0,0.615344,84211.46526087185
3555.0,0.510346,69933.40379450655
3556.0,0.403639,55383.35751812501
3557.0,0.328852,45180.638496547515
3558.0,0.284818,39181.81388692258
3559.0,0.260581,35894.22581405017
3560.0,0.259656,35813.30964788889
3561.0,0.254083,35090.169554458414
3562.0,0.229382,31719.948142177363
3563.0,0.229404,31764.125855816863
3564.0,0.255445,35415.68367834841
3565.0,0.269192,37369.92174156238
3566.0,0.247869,34454.312130953025
3567.0,0.201345,28023.544355657883
3568.0,0.185125,25799.28351896319
3569.0,0.208722,29125.31806347704
3570.0,0.236588,33056.323792064315
3571.0,0.254106,35549.677804157844
3572.0,0.265845,37239.828390137154
3573.0,0.280395,39328.49996891148
3574.0,0.291503,40939.03549173171
3575.0,0.293422,41261.425707110524
3576.0,0.27921,39313.2568429034
3577.0,0.252986,35666.5055223477
3578.0,0.230116,32483.76991605619
3579.0,0.199633,28216.75061936417
3580.0,0.148304,20988.534202153118
3581.0,0.10801,15305.492526276104
3582.0,0.105074,14908.440952681862
3583.0,0.108922,15474.11121183054
3584.0,0.0971718,13822.386078542344
3585.0,0.110647,15759.215806755667
3586.0,0.153781,21930.54130724423
3587.0,0.169156,24153.791476753275
3588.0,0.139577,19955.495897714347
3589.0,0.114701,16419.735355992852
3590.0,0.196945,28228.88454169201
3591.0,0.377483,54174.57218865846
3592.0,0.496171,71298.16135392379
3593.0,0.504417,72574.66754570455
3594.0,0.456065,65700.7002584799
3595.0,0.45448,65554.94716956065
3596.0,0.593783,85756.17939733688
3597.0,0.7639060000000001,110464.84384704975
3598.0,0.851709,123316.56651650985
3599.0,0.8954129999999999,129807.30643750147
3600.0,0.911328,132280.41274087332
3601.0,0.897075,130374.9622710445
3602.0,0.8786010000000001,127850.16127418674
3603.0,0.8817520000000001,128469.40603521826
3604.0,0.8819600000000001,128660.53670426611
3605.0,0.8602850000000001,125655.51641581598
3606.0,0.8567530000000001,125295.97317037187
3607.0,0.869511,127320.5083530884
3608.0,0.8519549999999999,124905.41772693623
3609.0,0.815541,119715.74970165583
3610.0,0.8085760000000001,118841.12128047229
3611.0,0.8316389999999999,122382.88310589183
3612.0,0.8462049999999999,124681.17684875824
3613.0,0.8398770000000001,123902.4809065375
3614.0,0.8543139999999999,126188.67535711701
3615.0,0.8915770000000001,131855.9689647515
3616.0,0.914883,135470.30620272728
3617.0,0.907555,134551.53662716926
3618.0,0.8684790000000001,128917.45416273335
3619.0,0.841513,125068.93655560182
3620.0,0.8718629999999999,129739.6260987249
3621.0,0.910295,135625.65769444202
3622.0,0.923566,137772.48157173776
3623.0,0.923572,137943.00625165337
3624.0,0.911684,136334.94449044098
3625.0,0.90258,135139.41135864775
3626.0,0.88155,132152.7703940295
3627.0,0.8052050000000001,120856.03209726783
3628.0,0.739221,111088.2825358254
3629.0,0.747678,112496.805064183
3630.0,0.762899,114927.45900905371
3631.0,0.749559,113055.9172106803
3632.0,0.774692,116989.47837003061
3633.0,0.818033,123685.37772059291
3634.0,0.804126,121730.94322856994
3635.0,0.763343,115697.90668593485
3636.0,0.766267,116282.49269888774
3637.0,0.7963100000000001,120988.57501531641
3638.0,0.7805979999999999,118745.49821401734
3639.0,0.7416149999999999,112952.3572967031
3640.0,0.779989,118941.08401621199
3641.0,0.818762,125004.9642534475
3642.0,0.772817,118133.1988884586
3643.0,0.7389060000000001,113086.23719368473
3644.0,0.741111,113560.8492248035
3645.0,0.73753,113148.66210780396
3646.0,0.750062,115210.16691728742
3647.0,0.750872,115473.68128695055
3648.0,0.766687,118047.88491813916
3649.0,0.816174,125818.76741650629
3650.0,0.8276030000000001,127734.09560175258
3651.0,0.761117,117613.6871787199
3652.0,0.717391,110989.93077948324
3653.0,0.762742,118147.92089188477
3654.0,0.817288,126748.80190566798
3655.0,0.870917,135227.6122257206
3656.0,0.902096,140236.41252460744
3657.0,0.866001,134786.19330185896
3658.0,0.811944,126523.624245579
3659.0,0.779569,121623.69535570097
3660.0,0.7285149999999999,113794.10753555776
3661.0,0.7119840000000001,111344.48409158658
3662.0,0.78,122126.47699965932
3663.0,0.843443,132216.99247229786
3664.0,0.8278629999999999,129928.93385675702
3665.0,0.8086439999999999,127063.31846753454
3666.0,0.85651,134744.25058677193
3667.0,0.891669,140441.6786922952
3668.0,0.853834,134641.79255986994
3669.0,0.780166,123170.61653621578
3670.0,0.748067,118242.5553784502
3671.0,0.760281,120315.12346522707
3672.0,0.757008,119938.57552894675
3673.0,0.737226,116942.11781116179
3674.0,0.780714,123986.30952004106
3675.0,0.8631979999999999,137247.10961747429
3676.0,0.8940889999999999,142325.9563239468
3677.0,0.860361,137117.91903767482
3678.0,0.8236620000000001,131423.25803915234
3679.0,0.8271780000000001,132139.1285984368
3680.0,0.8361709999999999,133732.32396242055
3681.0,0.809651,129642.54189043336
3682.0,0.7255050000000001,116304.90886856582
3683.0,0.692883,111205.19097451559
3684.0,0.757116,121656.31624926897
3685.0,0.809951,130297.96479372265
3686.0,0.820543,132155.86609261963
3687.0,0.79555,128279.82544962743
3688.0,0.797683,128773.518752556
3689.0,0.855632,138289.166095732
3690.0,0.894201,144690.75087159048
3691.0,0.878915,142382.4766758738
3692.0,0.801858,130050.1173105267
3693.0,0.6993520000000001,113556.5753483602
3694.0,0.6974819999999999,113384.1168511811
3695.0,0.799751,130159.63752100675
3696.0,0.8732690000000001,142289.04770997463
3697.0,0.874566,142665.0126615334
3698.0,0.844669,137947.06856254957
3699.0,0.850108,138995.46310773923
3700.0,0.8881129999999999,145376.7384639145
3701.0,0.903798,148114.58075809228
3702.0,0.894466,146753.8792772673
3703.0,0.855833,140576.8052064189
3704.0,0.772408,127019.34362897198
3705.0,0.659817,108628.7131981269
3706.0,0.607212,100082.71687688812
3707.0,0.6622239999999999,109275.0055113018
3708.0,0.737347,121810.46268626042
3709.0,0.762704,126143.54394590585
3710.0,0.748362,123912.93243654496
3711.0,0.7706390000000001,127747.19431609979
3712.0,0.836562,138833.2770194197
3713.0,0.883969,146867.97512654282
3714.0,0.8987200000000001,149488.8104541008
3715.0,0.890848,148347.99221964032
3716.0,0.872078,145387.39509681467
3717.0,0.844593,140965.1770704473
3718.0,0.793092,132519.70164942372
3719.0,0.708924,118590.15992390129
3720.0,0.640026,107186.04987878924
3721.0,0.63461,106399.31051218235
3722.0,0.65083,109242.16495713379
3723.0,0.662728,111364.9347659026
3724.0,0.711963,119773.45137111192
3725.0,0.802949,135232.37482816013
3726.0,0.8546940000000001,144109.47059871533
3727.0,0.8485229999999999,143230.0759003179
3728.0,0.847504,143219.01333710592
3729.0,0.8677860000000001,146811.29174271235
3730.0,0.876709,148487.45634355806
3731.0,0.870957,147678.7752366916
3732.0,0.843224,143136.69176091228
3733.0,0.794321,134986.4863443739
3734.0,0.7507229999999999,127720.2577460294
3735.0,0.7248479999999999,123456.05930293347
3736.0,0.693449,118240.1513439663
3737.0,0.6388010000000001,109043.70737516973
3738.0,0.624496,106720.74257880087
3739.0,0.6903060000000001,118098.55063530449
3740.0,0.777732,133203.6779284106
3741.0,0.8215180000000001,140859.53376322475
3742.0,0.833518,143075.95324480583
3743.0,0.834724,143442.10677170192
3744.0,0.829627,142724.42749881715
3745.0,0.800005,137781.02104916098
3746.0,0.783064,135012.75833063162
3747.0,0.803549,138698.0513550002
3748.0,0.795371,137438.3013426815
3749.0,0.775317,134121.05325191785
3750.0,0.7961159999999999,137871.09118121766
3751.0,0.838823,145427.31734750728
3752.0,0.8449559999999999,146652.05402445624
3753.0,0.7992520000000001,138872.34587916077
3754.0,0.741955,129058.66894678629
3755.0,0.743398,129451.82329096456
3756.0,0.800601,139566.01276145419
3757.0,0.8282889999999999,144551.22929108396
3758.0,0.811159,141716.9614459577
3759.0,0.808872,141472.22426722306
3760.0,0.831656,145616.38225307895
3761.0,0.848993,148814.53371732743
3762.0,0.8658030000000001,151926.88925289904
3763.0,0.8691450000000001,152679.8452539583
3764.0,0.86387,151918.74993812945
3765.0,0.8785219999999999,154663.82045668503
3766.0,0.880268,155139.97204390747
3767.0,0.8653489999999999,152676.56804434693
3768.0,0.87003,153669.33647369675
3769.0,0.874613,154646.61145004255
3770.0,0.8486790000000001,150223.89752723454
3771.0,0.811129,143732.89911091578
3772.0,0.782687,138843.21524440637
3773.0,0.771781,137056.77486804195
3774.0,0.7816489999999999,138959.32130216644
3775.0,0.803982,143084.07979015223
3776.0,0.8376540000000001,149237.62770807304
3777.0,0.876605,156345.68314543169
3778.0,0.901217,160908.58192054005
3779.0,0.911423,162906.08157285285
3780.0,0.918106,164277.1734672937
3781.0,0.920618,164903.75388365932
3782.0,0.913644,163830.35490470394
3783.0,0.8983260000000001,161256.49746548757
3784.0,0.8948299999999999,160801.19751019342
3785.0,0.893114,160664.79811222834
3786.0,0.8584360000000001,154591.7997684045
3787.0,0.807545,145582.63060849532
3788.0,0.7742600000000001,139731.25385889458
3789.0,0.765458,138290.26416358523
3790.0,0.771722,139570.692228927
3791.0,0.777229,140716.51287458703
3792.0,0.771807,139883.69713003564
3793.0,0.754941,136972.48285071255
3794.0,0.737734,133992.85730846034
3795.0,0.73485,133610.83762094795
3796.0,0.750193,136545.29540323443
3797.0,0.752201,137055.98116596244
3798.0,0.73798,134607.3079475313
3799.0,0.7453270000000001,136091.33313033878
3800.0,0.77471,141606.09668362193
3801.0,0.795618,145581.49466385602
3802.0,0.799971,146532.58466574244
3803.0,0.799771,146650.52455479963
3804.0,0.802191,147249.34265388007
3805.0,0.799589,146926.3234189553
3806.0,0.783251,144075.65060063463
3807.0,0.767088,141250.912357888
3808.0,0.777208,143264.76351694396
3809.0,0.786977,145217.79171612143
3810.0,0.762726,140890.46877291746
3811.0,0.722212,133546.54290418237
3812.0,0.689488,127628.93950253
3813.0,0.6693899999999999,124038.2927589716
3814.0,0.6552100000000001,121537.64060858215
3815.0,0.628698,116741.61586085394
3816.0,0.590192,109705.87628709673
3817.0,0.561793,104535.89953908768
3818.0,0.5308430000000001,98879.76170070624
3819.0,0.490637,91485.74015445422
3820.0,0.458109,85509.29826058607
3821.0,0.44869,83838.19752316142
3822.0,0.4249310000000001,79481.23321048419
3823.0,0.363047,67976.57662393211
3824.0,0.302595,56716.32155218479
3825.0,0.256594,48144.013665416634
3826.0,0.22962800000000005,43129.03540887974
3827.0,0.221989,41737.3699875645
3828.0,0.217181,40875.56728803783
3829.0,0.208281,39240.95577870893
3830.0,0.184318,34762.03947466951
3831.0,0.16786800000000002,31692.216231070393
3832.0,0.170475,32217.527460459027
3833.0,0.184139,34835.63423745473
3834.0,0.196254,37165.716682774284
3835.0,0.205639,38982.990410440325
3836.0,0.21600100000000005,40989.320888555136
3837.0,0.213432,40543.329347804116
3838.0,0.197925,37636.139016508816
3839.0,0.194269,36978.736799872626
3840.0,0.213781,40734.41176982488
3841.0,0.235332,44886.602115228976
3842.0,0.22369,42709.583586481145
3843.0,0.18747,35830.526694667555
3844.0,0.164503,31472.953743053546
3845.0,0.141192,27040.558827442615
3846.0,0.115022,22050.98544328065
3847.0,0.108584,20837.905445843626
3848.0,0.10019,19246.571044523724
3849.0,0.0761462,14642.580286006318
3850.0,0.082682,15915.502872046387
3851.0,0.128092,24681.47085864846
3852.0,0.146367,28231.33830515165
3853.0,0.118061,22794.687496628805
3854.0,0.12460999999999997,24083.444300530173
3855.0,0.199636,38622.70656269905
3856.0,0.218054,42228.501744346264
3857.0,0.150535,29182.097200500488
3858.0,0.102906,19969.01923383597
3859.0,0.0905133,17581.871035215267
3860.0,0.0922703,17941.17594420668
3861.0,0.13802,26863.76661222796
3862.0,0.251541,49008.251120913854
3863.0,0.31187600000000004,60824.35965855802
3864.0,0.238021,46467.11008651427
3865.0,0.142586,27863.887088153828
3866.0,0.09555,18690.872082413232
3867.0,0.060127199999999985,11773.444547991545
3868.0,0.0158542,3107.493397811855
3869.0,-0.0160444,-3147.9100469072964
3870.0,-0.0206241,-4050.479337407782
3871.0,0.00900339,1769.9854341598004
3872.0,0.0825468,16244.102382189161
3873.0,0.191514,37724.846561426944
3874.0,0.299965,59146.44558920732
3875.0,0.362231,71494.79520798597
3876.0,0.339619,67098.2462286697
3877.0,0.25960700000000003,51341.15102069175
3878.0,0.192009,38010.224489285305
3879.0,0.139466,27636.082137471225
3880.0,0.07111369999999999,14105.559607736777
3881.0,0.0165387,3283.7264066746748
3882.0,0.0512134,10178.350244323561
3883.0,0.237888,47325.383178286655
3884.0,0.517204,102993.7655882462
3885.0,0.713479,142218.91171482214
3886.0,0.764223,152483.54886138975
3887.0,0.759602,151710.40038589403
3888.0,0.7003,140003.65915187058
3889.0,0.574367,114939.78565815717
3890.0,0.5360550000000001,107378.05553482819
3891.0,0.612336,122778.09652765961
3892.0,0.667446,133958.96875291385
3893.0,0.678413,136293.14684069742
3894.0,0.6711060000000001,134956.8133608699
3895.0,0.612491,123289.72398184678
3896.0,0.614471,123808.84586464259
3897.0,0.6497470000000001,131044.05470753959
3898.0,0.662774,133801.47419197424
3899.0,0.710809,143638.34416007233
3900.0,0.713363,144294.4840998639
3901.0,0.6181409999999999,125154.94661994238
3902.0,0.551657,111802.25500790484
3903.0,0.649496,131758.46104819022
3904.0,0.7658560000000001,155513.9660579724
3905.0,0.739526,150312.67840719223
3906.0,0.687268,139825.96338104908
3907.0,0.7027720000000001,143118.3502125831
3908.0,0.724735,147733.47881338408
3909.0,0.7119840000000001,145274.16406765848
3910.0,0.64062,130838.85959514052
3911.0,0.66091,135112.74912362295
3912.0,0.775638,158719.5709210596
3913.0,0.782046,160184.5931296159
3914.0,0.701181,143759.07471327164
3915.0,0.6689890000000001,137290.48459904364
3916.0,0.728247,149594.67796247386
3917.0,0.82765,170176.57648737403
3918.0,0.860384,177076.38997970385
3919.0,0.776628,159991.27380603467
3920.0,0.6009939999999999,123927.57551379282
3921.0,0.5113840000000001,105550.22556374127
3922.0,0.622437,128594.17348760518
3923.0,0.7813329999999999,161575.52170974395
3924.0,0.868445,179760.751950772
3925.0,0.8911129999999999,184628.24552205755
3926.0,0.85865,178071.3261303227
3927.0,0.75479,156680.9013513469
3928.0,0.659586,137048.12784217185
3929.0,0.6663140000000001,138577.27633940495
3930.0,0.666222,138689.34841647858
3931.0,0.5881390000000001,122550.42518934533
3932.0,0.45002,93859.23616024911
3933.0,0.308766,64459.165646846726
3934.0,0.268829,56174.72876162412
3935.0,0.352743,73778.96917606963
3936.0,0.518684,108589.04002217956
3937.0,0.699662,146615.55392950808
3938.0,0.806289,169118.3613503045
3939.0,0.845717,177555.04201347177
3940.0,0.854456,179558.19366020412
3941.0,0.8458110000000001,177908.24758000122
3942.0,0.802032,168857.87986263484
3943.0,0.69557,146580.77559662776
3944.0,0.635193,133982.49713038566
3945.0,0.698281,147427.47794631246
3946.0,0.762596,161156.65167047983
3947.0,0.787995,166679.55469118373
3948.0,0.812063,171930.6898715286
3949.0,0.8371959999999999,177417.02649848346
3950.0,0.845982,179445.84194621842
3951.0,0.804689,170845.72787245427
3952.0,0.7137680000000001,151682.88182562983
3953.0,0.702704,149470.33900094437
3954.0,0.809914,172434.5363655582
3955.0,0.8845069999999999,188490.31199594785
3956.0,0.8898159999999999,189797.30407064463
3957.0,0.885178,188982.75169610165
3958.0,0.8889370000000001,189960.7723235786
3959.0,0.8912,190620.30809313152
3960.0,0.865944,185389.23050387972
3961.0,0.776423,166377.06207248208
3962.0,0.6744979999999999,144669.09010350035
3963.0,0.6785,145661.44719515208
3964.0,0.761046,163532.8559807728
3965.0,0.792315,170408.39961584742
3966.0,0.722176,155465.7901056435
3967.0,0.5646359999999999,121663.04440865286
3968.0,0.400102,86289.67390090396
3969.0,0.385776,83276.21220178736
3970.0,0.515157,111307.05114843529
3971.0,0.615736,133160.2477686329
3972.0,0.646266,139890.42719551784
3973.0,0.672825,145772.33514050118
3974.0,0.703507,152558.84073533813
3975.0,0.768698,166847.74358254523
3976.0,0.852299,185161.99833116852
3977.0,0.8960540000000001,194844.89029813782
3978.0,0.909948,198045.98190538603
3979.0,0.920505,200525.6348510382
3980.0,0.922147,201065.6389343208
3981.0,0.874132,190769.23471342147
3982.0,0.781705,170752.66547756345
3983.0,0.755865,165257.73173657118
3984.0,0.8214379999999999,179756.64630005846
3985.0,0.836617,183243.73480699523
3986.0,0.7517739999999999,164809.29456284724
3987.0,0.705947,154902.3877038379
3988.0,0.78441,172274.2708613937
3989.0,0.872474,191787.6969278442
3990.0,0.905289,199180.17656821862
3991.0,0.91623,201768.63922487182
3992.0,0.907869,200107.0089343015
3993.0,0.8581479999999999,189317.57512558321
3994.0,0.79598,175760.05844479648
3995.0,0.807221,178401.88868401485
3996.0,0.8691959999999999,192270.8066916357
3997.0,0.8893909999999999,196914.0311294624
3998.0,0.858842,190320.32934896369
3999.0,0.785918,174315.81289020073
4000.0,0.6741189999999999,149652.31262390432
4001.0,0.62226,138262.9233529164
4002.0,0.716709,159390.8423455674
4003.0,0.846073,188327.90382175418
4004.0,0.8870889999999999,197633.25854649683
4005.0,0.8385030000000001,186974.8231237978
4006.0,0.7736930000000001,172676.2161328141
4007.0,0.782453,174786.19738281955
4008.0,0.8558129999999999,191342.9408378442
4009.0,0.903942,202282.5852726147
4010.0,0.914601,204848.90181478328
4011.0,0.9115,204334.807625052
4012.0,0.895863,201006.7615973183
4013.0,0.877158,196983.54817765552
4014.0,0.840174,188844.39552045922
4015.0,0.757972,170518.08079063
4016.0,0.647351,145760.2760320562
4017.0,0.5804590000000001,130813.53125454989
4018.0,0.613216,138317.1510509368
4019.0,0.680042,153525.106139528
4020.0,0.739681,167135.58397631478
4021.0,0.8196260000000001,185361.9769271397
4022.0,0.8851540000000001,200356.7163946248
4023.0,0.8986719999999999,203594.52744437772
4024.0,0.847651,192203.57711161688
4025.0,0.747536,169650.70755903143
4026.0,0.6874,156139.19800720506
4027.0,0.708179,160999.30180470002
4028.0,0.75603,172027.62277416134
4029.0,0.786077,179020.24102179607
4030.0,0.770353,175591.86627884707
4031.0,0.7475350000000001,170538.87579487517
4032.0,0.730703,166843.65000316466
4033.0,0.657291,150211.46610035218
4034.0,0.56371,128936.95985193447
4035.0,0.545914,124974.63783833197
4036.0,0.599558,137373.98796143197
4037.0,0.658404,150987.53477372884
4038.0,0.703699,161514.15090627002
4039.0,0.699952,160792.79937137183
4040.0,0.6729510000000001,154723.45503367012
4041.0,0.724214,166653.21053458474
4042.0,0.790488,182060.5243188271
4043.0,0.7823359999999999,180337.99815288573
4044.0,0.75898,175104.52360506475
4045.0,0.7446149999999999,171937.89370615565
4046.0,0.704408,162793.31702482843
4047.0,0.654748,151446.28624044757
4048.0,0.647492,149896.22418789007
4049.0,0.681003,157789.0402551096
4050.0,0.719066,166750.7405671213
4051.0,0.756261,175526.06392867077
4052.0,0.7649779999999999,177700.82022501944
4053.0,0.75766,176150.9985279357
4054.0,0.763519,177664.4545458399
4055.0,0.757279,176362.49974761473
4056.0,0.74229,173018.78677102303
4057.0,0.729118,170093.01491748053
4058.0,0.713307,166545.85884710617
4059.0,0.732867,171258.01232204415
4060.0,0.802301,187642.46677004333
4061.0,0.864031,202251.09399390212
4062.0,0.870792,204006.2289147341
4063.0,0.8296450000000001,194530.82475394392
4064.0,0.7571,177670.8552006624
4065.0,0.650166,152705.1586008805
4066.0,0.5647260000000001,132749.66471316078
4067.0,0.61871,145562.21987609364
4068.0,0.757131,178278.15758635625
4069.0,0.8444959999999999,199016.90567636574
4070.0,0.868517,204849.8497767541
4071.0,0.8590959999999999,202797.9995995148
4072.0,0.841015,198696.42149234808
4073.0,0.804962,190338.09017786843
4074.0,0.733408,173564.0144631475
4075.0,0.705128,167011.12852000623
4076.0,0.765891,181554.70750511021
4077.0,0.818185,194113.1023672168
4078.0,0.838094,199002.50823238614
4079.0,0.865539,205690.6893342274
4080.0,0.879466,209174.58331273933
4081.0,0.8653219999999999,205981.9485023899
4082.0,0.809396,192829.60957747168
4083.0,0.698037,166437.8343122996
4084.0,0.577151,137728.4637487881
4085.0,0.581966,138992.76527258358
4086.0,0.728184,174058.70196227136
4087.0,0.855807,204734.09006669046
4088.0,0.910093,217901.1471139234
4089.0,0.920325,220533.24665524907
4090.0,0.907179,217562.80226659577
4091.0,0.8963909999999999,215153.11709244837
4092.0,0.8784870000000001,211029.75214710785
4093.0,0.841248,202250.81716694657
4094.0,0.779004,187440.53468934548
4095.0,0.693423,166985.72716560165
4096.0,0.6465920000000001,155836.2237550016
4097.0,0.6895319999999999,166321.8054466488
4098.0,0.7896920000000001,190637.73800131722
4099.0,0.8491,205147.4150683075
4100.0,0.830627,200848.69765179412
4101.0,0.775135,187583.99845562773
4102.0,0.723012,175113.2912704215
4103.0,0.6874899999999999,166645.98421865643
4104.0,0.643985,156227.96628633272
4105.0,0.6226510000000001,151175.69602412163
4106.0,0.652501,158552.2563203592
4107.0,0.690016,167804.67806517088
4108.0,0.702964,171092.6466286637
4109.0,0.6737810000000001,164123.2380897517
4110.0,0.670169,163376.05629080653
4111.0,0.727004,177375.37689757248
4112.0,0.775378,189331.18940091436
4113.0,0.801582,195888.30284198903
4114.0,0.809233,197918.18134532686
4115.0,0.8064,197384.88225666128
4116.0,0.798665,195649.60840032765
4117.0,0.772285,189340.0965324667
4118.0,0.716173,175724.8999584411
4119.0,0.6360239999999999,156184.86021322128
4120.0,0.600391,147553.45191562147
4121.0,0.612322,150606.78503830865
4122.0,0.6195430000000001,152505.4295321059
4123.0,0.604625,148952.855076262
4124.0,0.572916,141254.49163917327
4125.0,0.5464899999999999,134847.16560780632
4126.0,0.531805,131328.81051193064
4127.0,0.540392,133556.24538936524
4128.0,0.55552,137404.9536177562
4129.0,0.566624,140263.5289887266
4130.0,0.571411,141561.51521354407
4131.0,0.574145,142352.3720853854
4132.0,0.548451,136090.30107550288
4133.0,0.509724,126581.53309883375
4134.0,0.479661,119210.71971879661
4135.0,0.478617,119045.87748826492
4136.0,0.497373,123809.36364883772
4137.0,0.499121,124343.15435654529
4138.0,0.480111,119702.20570874416
4139.0,0.471733,117706.6287602575
4140.0,0.482571,120506.30110267979
4141.0,0.473407,118311.45443946507
4142.0,0.441018,110304.11708958863
4143.0,0.417888,104601.59456204572
4144.0,0.40903,102465.17189120156
4145.0,0.406759,101976.63951002224
4146.0,0.423175,106175.82684520363
4147.0,0.435199,109278.66235205039
4148.0,0.407462,102394.38364447028
4149.0,0.351979,88521.14613465169
4150.0,0.31595500000000004,79523.68004441018
4151.0,0.322534,81243.27297822747
4152.0,0.350568,88374.00995933652
4153.0,0.3707,93522.25483265625
4154.0,0.374135,94462.73694010578
4155.0,0.380241,96079.48014523211
4156.0,0.382953,96840.36174108618
4157.0,0.378997,95914.80245048829
4158.0,0.406788,103028.3267351533
4159.0,0.460123,116627.46004781677
4160.0,0.470823,119432.52621824894
4161.0,0.448115,113760.68954619301
4162.0,0.434637,110424.87782541194
4163.0,0.42947,109196.89186634313
4164.0,0.418828,106573.7083168094
4165.0,0.405233,103194.32457207545
4166.0,0.371226,94607.53912514189
4167.0,0.319154,81399.87127659387
4168.0,0.335409,85611.85716744376
4169.0,0.407946,104207.1168386927
4170.0,0.472648,120828.0411500219
4171.0,0.514821,131710.70920653295
4172.0,0.487846,124905.68977732788
4173.0,0.435491,111586.84855593275
4174.0,0.441618,113243.86019907022
4175.0,0.473259,121450.85207434265
4176.0,0.480081,123296.2036784012
4177.0,0.456045,117213.0868086901
4178.0,0.398719,102557.69960326454
4179.0,0.33875,87199.35950846765
4180.0,0.299172,77070.34524139954
4181.0,0.32708000000000004,84324.23978584578
4182.0,0.396689,102348.24653446228
4183.0,0.4200060000000001,108446.93050826449
4184.0,0.433192,111936.94146137654
4185.0,0.437475,113129.84844762947
4186.0,0.377933,97806.89136849862
4187.0,0.311081,80567.2464998459
4188.0,0.273148,70796.72575855191
4189.0,0.262759,68155.76237075731
4190.0,0.324239,84166.59970698402
4191.0,0.402386,104531.37517231828
4192.0,0.39287,102136.66172735431
4193.0,0.345147,89797.78115861966
4194.0,0.29804400000000003,77601.53589943098
4195.0,0.238936,62258.64633962518
4196.0,0.21447,55925.839060083796
4197.0,0.278459,72666.59470847542
4198.0,0.381033,99509.25018253423
4199.0,0.445525,116439.40510581435
4200.0,0.471841,123409.99414596037
4201.0,0.467594,122391.16388170564
4202.0,0.462512,121151.93109649053
4203.0,0.456258,119603.4621931115
4204.0,0.416767,109333.2426024045
4205.0,0.349072,91642.99785937648
4206.0,0.304693,80051.93638963044
4207.0,0.301635,79307.80179934394
4208.0,0.350963,92346.41732831331
4209.0,0.408031,107442.5083860713
4210.0,0.389237,102570.17146477744
4211.0,0.328674,86675.433996626
4212.0,0.28588800000000003,75448.40015399814
4213.0,0.243233,64239.14674176213
4214.0,0.184964,48886.32151329857
4215.0,0.177812,47030.958105364094
4216.0,0.308252,81592.64202648938
4217.0,0.4984560000000001,132036.49290348488
4218.0,0.62751,166344.93750839029
4219.0,0.730839,193879.62121880884
4220.0,0.8205120000000001,217829.46347988464
4221.0,0.8194299999999999,217703.04717293376
4222.0,0.75736,201361.15890754855
4223.0,0.693396,184490.95827427416
4224.0,0.674744,179660.63476064755
4225.0,0.7041609999999999,187631.49430737164
4226.0,0.712498,189992.74498969104
4227.0,0.714845,190758.79826556073
4228.0,0.753067,201106.15604644673
4229.0,0.756085,202060.37398731548
4230.0,0.680133,181895.8908696309
4231.0,0.618855,165628.92544220586
4232.0,0.64255,172096.5547207649
4233.0,0.734975,196995.14007105096
4234.0,0.823098,220776.02916573206
4235.0,0.779891,209339.62212289366
4236.0,0.586317,157495.0466230686
4237.0,0.456275,122652.86635764738
4238.0,0.493685,132805.88054346375
4239.0,0.583105,156974.90000850052
4240.0,0.6542720000000001,176261.55245860547
4241.0,0.663542,178888.82476364705
4242.0,0.547944,147831.24604483737
4243.0,0.4435850000000001,119762.79231355834
4244.0,0.529332,143017.09152225128
4245.0,0.703711,190269.24492320744
4246.0,0.772944,209139.69959084695
4247.0,0.668317,180960.95714217908
4248.0,0.490331,132863.40754698435
4249.0,0.423139,114739.37560339017
4250.0,0.537161,145762.9082780217
4251.0,0.687326,186645.7825600358
4252.0,0.703515,191179.51726687734
4253.0,0.593681,161448.29875004376
4254.0,0.494713,134631.19583204595
4255.0,0.475768,129568.4907730969
4256.0,0.584519,159299.4696881804
4257.0,0.735061,200470.43753878208
4258.0,0.7088979999999999,193473.5954577399
4259.0,0.60751,165921.28844583177
4260.0,0.608649,166351.24562290075
4261.0,0.590454,161493.6359161715
4262.0,0.5533359999999999,151449.62563843056
4263.0,0.558377,152938.37411643387
4264.0,0.515452,141281.91819602018
4265.0,0.513683,140897.30580247848
4266.0,0.566609,155524.8682265612
4267.0,0.537361,147601.62248947663
4268.0,0.513496,141146.59441517838
4269.0,0.521727,143510.85094195273
4270.0,0.471529,129794.90949766127
4271.0,0.457413,125998.48342526045
4272.0,0.502282,138455.9835532938
4273.0,0.48569,133977.01993867432
4274.0,0.402675,111155.91924406271
4275.0,0.383388,105906.58303827736
4276.0,0.447766,123777.5283421558
4277.0,0.548659,151774.63283073893
4278.0,0.602046,166660.2726151739
4279.0,0.4983260000000001,138045.23736015568
4280.0,0.360047,99809.59307963296
4281.0,0.416234,115466.38995179589
4282.0,0.573807,159290.01888378346
4283.0,0.653619,181573.22873482908
4284.0,0.589136,163774.72399280363
4285.0,0.41499,115444.39516786656
4286.0,0.331783,92361.9296871855
4287.0,0.4340729999999999,120921.91847645963
4288.0,0.546259,152280.39332981952
4289.0,0.534415,149082.57785224516
4290.0,0.511367,142752.44770173373
4291.0,0.52762,147392.1885120467
4292.0,0.5766720000000001,161207.10432331075
4293.0,0.626157,175162.198823877
4294.0,0.588322,164692.4974728153
4295.0,0.509189,142639.25445098773
4296.0,0.423684,118769.02026946539
4297.0,0.314512,88226.51742715294
4298.0,0.269718,75713.33841341377
4299.0,0.235737,66220.20329116499
4300.0,0.190314,53497.50525346858
4301.0,0.200434,56381.154615714375
4302.0,0.212448,59801.86683843558
4303.0,0.186844,52630.866194263326
4304.0,0.165098,46537.40736548968
4305.0,0.17431300000000002,49168.72031316261
4306.0,0.214641,60585.725250198506
4307.0,0.22177800000000006,62643.25782961421
4308.0,0.160509,45368.37790609268
4309.0,0.102361,28952.503179974665
4310.0,0.0772106,21853.75177822266
4311.0,0.0716966,20306.957777051597
4312.0,0.0974761,27627.48944732244
4313.0,0.178904,50741.119614220624
4314.0,0.32055300000000003,90977.98319211417
4315.0,0.5119630000000001,145402.2896878332
4316.0,0.685684,194873.4363020848
4317.0,0.754386,214544.77994523302
4318.0,0.753564,214456.85181044842
4319.0,0.7670899999999999,218454.65504762268
4320.0,0.75368,214781.52384570191
4321.0,0.666641,190106.3583748209
4322.0,0.520435,148513.37238107386
4323.0,0.342525,97810.51127104425
4324.0,0.247622,70758.14178783765
4325.0,0.284991,81491.44599419451
4326.0,0.36974,105796.36616007473
4327.0,0.42061,120433.44019028559
4328.0,0.419649,120239.3512153714
4329.0,0.420012,120424.48921781665
4330.0,0.46112,132299.89683489938
4331.0,0.510456,146553.44817524208
4332.0,0.503794,144738.027861253
4333.0,0.4551,130836.2768865813
4334.0,0.4315,124134.80715052543
4335.0,0.478337,137701.26560519892
4336.0,0.530137,152715.46042073783
4337.0,0.480287,138447.91050102442
4338.0,0.392402,113189.78147631146
4339.0,0.38146,110107.06854733986
4340.0,0.437295,126307.93810593897
4341.0,0.460934,133224.6438850036
4342.0,0.439949,127244.08418580073
4343.0,0.4289689999999999,124151.04163949241
4344.0,0.4879020000000001,141301.24995851886
4345.0,0.556705,161334.49193378774
4346.0,0.525705,152451.837310025
4347.0,0.462792,134296.4715085802
4348.0,0.463816,134682.89490534455
4349.0,0.532172,154634.51892481645
4350.0,0.5193300000000001,151002.90489540313
4351.0,0.404993,117835.62928159526
4352.0,0.303632,88402.31139920809
4353.0,0.272057,79261.57729142463
4354.0,0.276337,80561.64471672395
4355.0,0.268176,78233.98071237751
4356.0,0.276683,80768.8658977485
4357.0,0.31913800000000003,93223.57891066218
4358.0,0.333838,97581.73182783835
4359.0,0.313673,91747.69101008009
4360.0,0.340283,99596.31457165009
4361.0,0.394463,115529.80858382721
4362.0,0.360454,105638.4817338134
4363.0,0.279173,81870.98058375534
4364.0,0.286911,84195.29267333464
4365.0,0.356184,104592.08203332883
4366.0,0.35988200000000004,105747.00429046997
4367.0,0.339138,99716.65588048454
4368.0,0.384512,113131.67281979915
4369.0,0.393403,115822.99624103884
4370.0,0.320596,94449.09528821734
4371.0,0.27573200000000003,81284.77463101066
4372.0,0.29789,87873.92991029732
4373.0,0.345239,101907.42381310515
4374.0,0.371721,109795.53413693211
4375.0,0.377827,111671.3929421012
4376.0,0.372898,110285.93271980666
4377.0,0.369333,109302.23987879627
4378.0,0.382412,113246.05985116297
4379.0,0.391408,115984.96251000185
4380.0,0.368058,109136.09478746254
4381.0,0.347182,103012.34334578153
4382.0,0.364839,108321.08486797975
4383.0,0.415984,123585.58254068196
4384.0,0.451153,134120.211661437
4385.0,0.430443,128045.69700750544
4386.0,0.41519,123587.61254298428
4387.0,0.429416,127904.18640175195
4388.0,0.457076,136230.13774921463
4389.0,0.446517,133168.27594652536
4390.0,0.41423,123618.10745346305
4391.0,0.409847,122388.2784831932
4392.0,0.411164,122859.9780878011
4393.0,0.407086,121719.05315065836
4394.0,0.406436,121602.18434226091
4395.0,0.415189,124300.14004891034
4396.0,0.436022,130620.25148818795
4397.0,0.467251,140064.6204549538
4398.0,0.474519,142333.67892077356
4399.0,0.454121,136301.70100646655
4400.0,0.467645,140449.87937145788
4401.0,0.525459,157913.426981031
4402.0,0.55129,165781.18899744187
4403.0,0.513026,154372.233027197
4404.0,0.4834560000000001,145566.42109465663
4405.0,0.489001,147328.98628013575
4406.0,0.5051180000000001,152280.84074149033
4407.0,0.5368,161934.22979919394
4408.0,0.5647439999999999,170471.30072875714
4409.0,0.572207,172832.76465734697
4410.0,0.5991,181069.48089321845
4411.0,0.658297,199085.94652183188
4412.0,0.689761,208732.42574787897
4413.0,0.663537,200922.58279734128
4414.0,0.6352720000000001,192484.34310087684
4415.0,0.610467,185084.36847097534
4416.0,0.594018,180209.95337495935
4417.0,0.606166,184010.29784786195
4418.0,0.640446,194537.90089872063
4419.0,0.703526,213832.04004143935
4420.0,0.7352989999999999,223628.57095969858
4421.0,0.700872,213290.9735043788
4422.0,0.710906,216479.19594899332
4423.0,0.784304,238978.26515913024
4424.0,0.805053,245452.91944787334
4425.0,0.761777,232402.66733361877
4426.0,0.725274,221403.5865992918
4427.0,0.715011,218405.87932045586
4428.0,0.7284229999999999,222640.4541670603
4429.0,0.732726,224094.20550809184
4430.0,0.7265510000000001,222343.01671422276
4431.0,0.773353,236811.77696807825
4432.0,0.825297,252873.71599411088
4433.0,0.824299,252723.64018351215
4434.0,0.793465,243420.0295298623
4435.0,0.75097,230525.16119026844
4436.0,0.7568010000000001,232457.96072523555
4437.0,0.8208340000000001,252281.1565945349
4438.0,0.8510909999999999,261741.14274787402
4439.0,0.810387,249376.0559478297
4440.0,0.754483,232315.29624799377
4441.0,0.7409720000000001,228294.77693425832
4442.0,0.776988,239537.8196422555
4443.0,0.8240379999999999,254198.15448058207
4444.0,0.8509639999999999,262664.5637662682
4445.0,0.856498,264534.0414928103
4446.0,0.839987,259592.694240278
4447.0,0.79614,246191.92522079655
4448.0,0.7635029999999999,236243.21201598938
4449.0,0.774779,239878.00855981736
4450.0,0.798353,247326.8866493549
4451.0,0.818651,253769.0847356607
4452.0,0.822183,255018.52509932008
4453.0,0.80607,250172.22318071607
4454.0,0.793484,246415.1298277075
4455.0,0.7961590000000001,247395.41350041676
4456.0,0.822674,255789.09155447068
4457.0,0.8522860000000001,265156.20102147193
4458.0,0.8749600000000001,272374.5917259191
4459.0,0.872499,271772.2216132293
4460.0,0.8515879999999999,265418.4858229454
4461.0,0.817241,254866.68049451357
4462.0,0.786462,245415.34572947762
4463.0,0.801163,250152.9835134907
4464.0,0.8289340000000001,258979.48420058665
4465.0,0.839141,262325.63312161533
4466.0,0.852483,266656.1910609765
4467.0,0.8440700000000001,264182.67887879285
4468.0,0.791363,247834.24868099976
4469.0,0.734367,230122.04024725483
4470.0,0.720092,225783.55489326981
4471.0,0.745799,233983.45571920474
4472.0,0.773016,242666.9585369613
4473.0,0.770664,242072.70445191857
4474.0,0.763732,240038.05560834816
4475.0,0.790045,248455.76631384037
4476.0,0.815278,256543.42644517802
4477.0,0.811697,255568.1926600366
4478.0,0.8245120000000001,259757.03115018518
4479.0,0.852866,268848.97199714737
4480.0,0.8656020000000001,273025.2762951206
4481.0,0.8578709999999999,270746.8383877017
4482.0,0.8259790000000001,260835.67691729416
4483.0,0.817509,258313.37232166954
4484.0,0.839772,265504.4924725972
4485.0,0.8411299999999999,266090.59357176465
4486.0,0.815566,258155.3951615583
4487.0,0.796671,252322.84621436108
4488.0,0.808658,256269.9626186513
4489.0,0.8265239999999999,262085.69543760974
4490.0,0.837575,265745.7730140452
4491.0,0.8487100000000001,269436.5868013921
4492.0,0.83472,265150.49215376517
4493.0,0.801424,254722.97079829092
4494.0,0.755096,240138.54001574882
4495.0,0.718431,228611.70836918068
4496.0,0.728383,231913.85545620223
4497.0,0.755542,240701.48861500854
4498.0,0.758337,241732.73260659896
4499.0,0.76017,242458.14208126545
4500.0,0.769292,245510.38943930136
4501.0,0.751031,239821.94238886674
4502.0,0.7429100000000001,237366.50303624145
4503.0,0.780676,249577.83440581348
4504.0,0.813822,260325.28212680327
4505.0,0.817317,261594.71994262468
4506.0,0.80396,257468.54873375292
4507.0,0.81202,260200.15659038024
4508.0,0.844557,270782.54132612713
4509.0,0.855512,274453.29458894517
4510.0,0.831341,266852.9289805247
4511.0,0.777756,249796.50578673923
4512.0,0.736028,236530.5940188816
4513.0,0.719152,231240.26564823097
4514.0,0.703951,226482.55786869096
4515.0,0.715752,230411.5517754589
4516.0,0.752328,242324.89623719046
4517.0,0.771277,248570.79741907777
4518.0,0.790024,254758.51513160762
4519.0,0.828425,267294.5500326047
4520.0,0.843808,272413.61763040145
4521.0,0.830268,268195.52499285724
4522.0,0.810823,262063.85409316688
4523.0,0.807697,261202.39568817813
4524.0,0.812311,262844.21757478063
4525.0,0.816438,264330.0238206278
4526.0,0.818902,265278.5860900154
4527.0,0.792113,256746.28375803184
4528.0,0.772532,250541.71840639706
4529.0,0.790985,256671.79993721543
4530.0,0.786991,255520.52713831127
4531.0,0.741251,240805.95796129148
4532.0,0.721513,234526.42812324243
4533.0,0.725168,235847.7512932138
4534.0,0.7445649999999999,242293.069595263
4535.0,0.788782,256826.84653397324
4536.0,0.819875,267101.24475382734
4537.0,0.8399110000000001,273782.8023642917
4538.0,0.850907,277523.271578657
4539.0,0.85439,278815.9850079114
4540.0,0.840159,274326.0096800269
4541.0,0.8121189999999999,265319.366252668
4542.0,0.8219420000000001,268679.18277977157
4543.0,0.86188,281892.1634937897
4544.0,0.8735940000000001,285883.43038186093
4545.0,0.8723200000000001,285626.23991639895
4546.0,0.880301,288400.61857799074
4547.0,0.870057,285203.7332860827
4548.0,0.8287399999999999,271811.67003681517
4549.0,0.7620779999999999,250087.11047873186
4550.0,0.713971,234430.61779442805
4551.0,0.702159,230680.50425978648
4552.0,0.693334,227907.89921174446
4553.0,0.708201,232924.22568160057
4554.0,0.767861,252686.34264377665
4555.0,0.832039,273957.7984333792
4556.0,0.860455,283471.0822111062
4557.0,0.8552270000000001,281904.7593047118
4558.0,0.8386370000000001,276589.20113542466
4559.0,0.815817,269211.70496848336
4560.0,0.794575,262346.85482425906
4561.0,0.805755,266184.97847974056
4562.0,0.824348,272477.3977993483
4563.0,0.8217760000000001,271776.8743133649
4564.0,0.819782,271266.6270808718
4565.0,0.829023,274475.32223298546
4566.0,0.8461069999999999,280285.440554789
4567.0,0.861028,285384.80396521004
4568.0,0.8593049999999999,284969.91938215814
4569.0,0.840785,278980.94383761456
4570.0,0.812562,269763.87322913134
4571.0,0.771767,256360.4194084892
4572.0,0.744058,247291.3018230278
4573.0,0.7557550000000001,251316.00879492686
4574.0,0.775076,257881.55593626603
4575.0,0.7643949999999999,254466.4266434163
4576.0,0.7247439999999999,241398.03844648245
4577.0,0.7003020000000001,233383.80870117553
4578.0,0.749544,249930.08127150245
4579.0,0.830309,277010.977472439
4580.0,0.862208,287809.35922387266
4581.0,0.876948,292888.3725001373
4582.0,0.888126,296782.3654136176
4583.0,0.867179,289939.42502028786
4584.0,0.8396299999999999,280880.29772372096
4585.0,0.833034,278824.3251313844
4586.0,0.832907,278932.32225277636
4587.0,0.836887,280416.35873921815
4588.0,0.842866,282571.9496352721
4589.0,0.839983,281757.05139145016
4590.0,0.8399639999999999,281902.2551371642
4591.0,0.8525,286263.2783634358
4592.0,0.8577940000000001,288195.6551098351
4593.0,0.8504950000000001,285896.7100191546
4594.0,0.8525010000000001,286724.6652900685
4595.0,0.8680120000000001,292097.90856783406
4596.0,0.864814,291177.48280353943
4597.0,0.8450639999999999,284679.9173420082
4598.0,0.844094,284505.0597898931
4599.0,0.84831,286078.69514282385
4600.0,0.8272,279108.4603473569
4601.0,0.80362,271296.72740750626
4602.0,0.7859189999999999,265462.2353766209
4603.0,0.758631,256381.38104531757
4604.0,0.7450939999999999,251940.33335975092
4605.0,0.7352529999999999,248744.77842723418
4606.0,0.7408779999999999,250780.75122235777
4607.0,0.790017,267555.61381896073
4608.0,0.8405370000000001,284816.00852234045
4609.0,0.850507,288346.8295100139
4610.0,0.8296129999999999,281411.8386371582
4611.0,0.8228530000000001,279266.2140502462
4612.0,0.826376,280609.8819677683
4613.0,0.814756,276809.98819924647
4614.0,0.819442,278548.6978810643
4615.0,0.827478,281428.3808774372
4616.0,0.8056409999999999,274145.6244469365
4617.0,0.8015369999999999,272892.4096620665
4618.0,0.786622,267955.01682329056
4619.0,0.756275,257752.72848415788
4620.0,0.760297,259259.2898273475
4621.0,0.7781680000000001,265492.18490260537
4622.0,0.776461,265048.3745391
4623.0,0.77378,264271.25287913816
4624.0,0.765907,261718.961431731
4625.0,0.7498020000000001,256349.3798479565
4626.0,0.754832,258203.6089767159
4627.0,0.7400800000000001,253289.27612007118
4628.0,0.7188140000000001,246139.09151113356
4629.0,0.716191,245368.4155311271
4630.0,0.712559,244250.89515716716
4631.0,0.7087220000000001,243061.73039645937
4632.0,0.7095020000000001,243455.4125081859
4633.0,0.714252,245212.28072719995
4634.0,0.687434,236127.46445132204
4635.0,0.662328,227621.4351122527
4636.0,0.654172,224934.64022541005
4637.0,0.649405,223410.8038854777
4638.0,0.6714289999999999,231106.73043407305
4639.0,0.681632,234739.528208627
4640.0,0.676747,233177.2400875983
4641.0,0.704177,242753.23131406165
4642.0,0.7187359999999999,247899.5570765698
4643.0,0.723388,249632.21215718935
4644.0,0.7098949999999999,245101.64110256635
4645.0,0.6708930000000001,231754.37589232807
4646.0,0.649713,224552.87721705387
4647.0,0.640229,221388.2661808217
4648.0,0.6383939999999999,220866.6008558977
4649.0,0.648491,224474.49468575837
4650.0,0.6493680000000001,224892.79204698472
4651.0,0.649113,224919.11620409923
4652.0,0.658355,228237.71628870422
4653.0,0.645292,223822.92904284244
4654.0,0.6317010000000001,219220.25699170717
4655.0,0.629414,218537.58862515344
4656.0,0.618541,214871.4308289724
4657.0,0.6189060000000001,215107.2846833323
4658.0,0.612052,212832.91542787943
4659.0,0.615903,214280.49745065375
4660.0,0.627935,218577.10874735145
4661.0,0.623844,217262.84159944425
4662.0,0.616946,214969.02110241773
4663.0,0.604152,210617.2914446683
4664.0,0.6044109999999999,210813.80761660458
4665.0,0.616681,215201.82719694392
4666.0,0.604454,211041.14932320948
4667.0,0.596957,208528.41632911735
4668.0,0.589643,206076.96934675702
4669.0,0.5862109999999999,204980.33505468708
4670.0,0.573746,200722.3057467771
4671.0,0.546603,191322.26626072926
4672.0,0.537463,188217.25045078114
4673.0,0.533787,187023.42280819427
4674.0,0.532879,186798.5831436949
4675.0,0.522243,183161.57612541132
4676.0,0.487279,170984.21573654277
4677.0,0.44119,154888.92851952024
4678.0,0.406984,142951.34631075413
4679.0,0.411709,144682.92582681729
4680.0,0.431107,151575.0825781937
4681.0,0.4468180000000001,157177.01096659864
4682.0,0.439561,154700.94047370032
4683.0,0.417531,147020.4583633545
4684.0,0.40534,142798.47363750244
4685.0,0.434626,153191.5006272007
4686.0,0.48548,171200.48323866838
4687.0,0.52047,183630.08292608845
4688.0,0.542488,191492.84899245054
4689.0,0.545098,192509.0362314469
4690.0,0.534147,188734.47699714615
4691.0,0.513001,181352.01615887016
4692.0,0.4775100000000001,168888.5419859736
4693.0,0.43603,154293.43097412834
4694.0,0.405843,143681.97415797698
4695.0,0.379149,134297.24835311086
4696.0,0.342604,121412.22355602059
4697.0,0.34081500000000003,120837.37444140758
4698.0,0.419604,148845.1221580898
4699.0,0.509137,180693.22370172432
4700.0,0.551113,195686.0622537942
4701.0,0.568723,202037.44820644383
4702.0,0.56648,201338.72782378126
4703.0,0.541445,192534.49719294783
4704.0,0.52328,186165.68177963395
4705.0,0.5270239999999999,187588.83063074556
4706.0,0.53115,189149.27293729968
4707.0,0.520193,185337.24989225718
4708.0,0.510185,181859.68306715367
4709.0,0.5047050000000001,179993.44870546315
4710.0,0.479658,171143.71051665623
4711.0,0.438518,156540.47595833256
4712.0,0.388068,138597.96234401915
4713.0,0.324094,115805.61187180193
4714.0,0.280066,100121.74702124439
4715.0,0.330311,118140.90597739097
4716.0,0.468019,167474.9237526193
4717.0,0.569042,203722.72899956678
4718.0,0.595226,213199.27805659187
4719.0,0.582773,208839.06833175832
4720.0,0.553611,198483.9244115709
4721.0,0.50998,182928.7176812217
4722.0,0.480643,172488.16430493485
4723.0,0.516636,185493.6693077085
4724.0,0.579624,208208.4497444774
4725.0,0.604028,217078.31478112552
4726.0,0.592118,212899.59200193846
4727.0,0.575805,207132.86318169252
4728.0,0.570697,205393.1679009345
4729.0,0.570975,205591.01949616673
4730.0,0.573982,206772.02435629338
4731.0,0.5817220000000001,209659.8500843986
4732.0,0.570407,205679.36427419478
4733.0,0.540168,194868.04877556415
4734.0,0.486659,175647.61988515183
4735.0,0.395596,142848.25662143287
4736.0,0.341085,123222.78878115921
4737.0,0.446841,161505.23540499245
4738.0,0.641863,232103.0921581933
4739.0,0.752329,272176.86013609456
4740.0,0.7655420000000001,277087.57320714253
4741.0,0.739246,267695.7383855156
4742.0,0.6901390000000001,250030.68452673123
4743.0,0.632838,229378.8507752506
4744.0,0.6415850000000001,232658.5015551243
4745.0,0.7622939999999999,276561.0060839648
4746.0,0.8846799999999999,321113.22534513037
4747.0,0.927048,336649.18072999205
4748.0,0.922405,335119.8592023267
4749.0,0.899116,326811.4300137579
4750.0,0.870482,316551.31356551935
4751.0,0.8468110000000001,308087.0534341423
4752.0,0.8550719999999999,311237.6268812922
4753.0,0.905613,329787.605648904
4754.0,0.947939,345361.6924132463
4755.0,0.959643,349788.38400877605
4756.0,0.959523,349907.1389639694
4757.0,0.9603,350353.04250321485
4758.0,0.962994,351498.85632704507
4759.0,0.959416,350355.13144845795
4760.0,0.940338,343547.2874478028
4761.0,0.915593,334661.5610020056
4762.0,0.909147,332459.02817192546
4763.0,0.923451,337845.66444974666
4764.0,0.939895,344020.34520138346
4765.0,0.950254,347972.2484424787
4766.0,0.957628,350833.9999352836
4767.0,0.962228,352681.42495490995
4768.0,0.963904,353458.11563121626
4769.0,0.957973,351444.575584956
4770.0,0.932575,342283.97480867367
4771.0,0.900206,330555.0107378505
4772.0,0.8845719999999999,324962.98518862616
4773.0,0.8959440000000001,329291.3030895032
4774.0,0.929399,341743.37669125205
4775.0,0.954683,351200.7438404461
4776.0,0.958667,352827.2915226923
4777.0,0.960915,353815.89806806325
4778.0,0.960185,353708.16718043585
4779.0,0.940495,346612.5512161854
4780.0,0.917597,338327.44194595376
4781.0,0.921022,339744.56157079217
4782.0,0.929585,343058.91463241505
4783.0,0.918366,339072.30205460236
4784.0,0.916336,338476.0986441614
4785.0,0.940541,347574.2168024485
4786.0,0.960023,354934.1979489412
4787.0,0.949949,351368.406150187
4788.0,0.921404,340964.01546308695
4789.0,0.907759,336066.2317334639
4790.0,0.926239,343062.3511830092
4791.0,0.946838,350849.7599602394
4792.0,0.943153,349641.5101581737
4793.0,0.922095,341988.6250878712
4794.0,0.904287,335534.5635473397
4795.0,0.903558,335414.48872361926
4796.0,0.908171,337278.02423730935
4797.0,0.908552,337570.63562662946
4798.0,0.907799,337441.7816921465
4799.0,0.916588,340861.09188454476
4800.0,0.932735,347020.7715919258
4801.0,0.941331,350375.16740993626
4802.0,0.935118,348217.7935808136
4803.0,0.91188,339715.7205849087
4804.0,0.879774,327900.6780845257
4805.0,0.8709,324737.57713293703
4806.0,0.8822469999999999,329114.7420124279
4807.0,0.8929459999999999,333253.76047330216
4808.0,0.912962,340874.9658025439
4809.0,0.929305,347130.720747278
4810.0,0.930385,347687.9771188748
4811.0,0.919963,343945.28342169063
4812.0,0.908004,339624.185971283
4813.0,0.8923139999999999,333902.9332993316
4814.0,0.857025,320839.273425925
4815.0,0.8466959999999999,317112.14480343944
4816.0,0.8860180000000001,331985.4675197213
4817.0,0.911947,341851.2058747896
4818.0,0.91155,341852.5545436554
4819.0,0.907037,340309.42907947226
4820.0,0.905245,339786.08307904645
4821.0,0.8961389999999999,336515.54601458
4822.0,0.871761,327504.5363513878
4823.0,0.849139,319145.4302861515
4824.0,0.84221,316679.5529896392
4825.0,0.856035,322018.4588657759
4826.0,0.867186,326355.5091895081
4827.0,0.869115,327224.0457807158
4828.0,0.87871,330980.67439702584
4829.0,0.8914219999999999,335914.96211609023
4830.0,0.889716,335417.8438567459
4831.0,0.8628809999999999,325442.4944216865
4832.0,0.835616,315296.0442442052
4833.0,0.827558,312390.96696480206
4834.0,0.831313,313944.35545283114
4835.0,0.843519,318691.79883214174
4836.0,0.8621629999999999,325876.572981469
4837.0,0.870149,329037.1664218839
4838.0,0.856066,323851.551383423
4839.0,0.829967,314113.63650402235
4840.0,0.823025,311620.5261780876
4841.0,0.8278059999999999,313565.65862933657
4842.0,0.812508,307903.26498358947
4843.0,0.805991,305564.8516028119
4844.0,0.840411,318750.8269431839
4845.0,0.8627969999999999,327381.7282662229
4846.0,0.849042,322300.54142164066
4847.0,0.8506809999999999,323060.9571699432
4848.0,0.86454,328464.5826175429
4849.0,0.8718319999999999,331376.57633778895
4850.0,0.8752139999999999,332804.0743034647
4851.0,0.8497309999999999,323251.87313774915
4852.0,0.8198690000000001,312024.7865022094
4853.0,0.824533,313933.4152750215
4854.0,0.848936,323362.13205237745
4855.0,0.864654,329489.1383822996
4856.0,0.856793,326632.2246205372
4857.0,0.848557,323629.67999492865
4858.0,0.851893,325039.70127566514
4859.0,0.839879,320591.4628603598
4860.0,0.789179,301366.1391251882
4861.0,0.730294,278997.43036221724
4862.0,0.752727,287689.05200445827
4863.0,0.837126,320080.9852906893
4864.0,0.8912549999999999,340921.2413329203
4865.0,0.904381,346087.8736737271
4866.0,0.8939,342220.95204361866
4867.0,0.8787790000000001,336573.45974415797
4868.0,0.887222,339949.8644265494
4869.0,0.8956719999999999,343331.598278536
4870.0,0.8716370000000001,334258.5128288705
4871.0,0.843442,323581.6751685477
4872.0,0.856455,328711.5436062645
4873.0,0.8939030000000001,343227.71353157074
4874.0,0.8966620000000001,344430.8933028304
4875.0,0.868974,333934.53161891166
4876.0,0.871102,334891.87441613193
4877.0,0.886069,340787.7914381455
4878.0,0.8800629999999999,338618.72435039585
4879.0,0.8822530000000001,339602.5224390599
4880.0,0.8879950000000001,341954.7780569919
4881.0,0.868072,334421.4551434762
4882.0,0.8614930000000001,332024.5533323116
4883.0,0.875367,337511.45598846977
4884.0,0.869132,335246.1695453552
4885.0,0.8589899999999999,331471.17242678755
4886.0,0.8520540000000001,328930.52984823857
4887.0,0.855463,330382.8844018927
4888.0,0.874899,338028.4949556753
4889.0,0.891251,344488.1918613267
4890.0,0.886006,342601.8690339811
4891.0,0.8737540000000001,338003.21710519353
4892.0,0.896086,346784.58010392514
4893.0,0.931262,360545.6284600173
4894.0,0.940043,364094.5477382762
4895.0,0.93082,360670.0688172744
4896.0,0.919096,356273.1150055344
4897.0,0.917754,355898.4339694863
4898.0,0.924174,358534.53218796174
4899.0,0.929583,360780.211863351
4900.0,0.924836,359084.2797987105
4901.0,0.90532,351650.1026960546
4902.0,0.891349,346364.378775103
4903.0,0.8961290000000001,348363.4766048583
4904.0,0.901759,350694.5788180998
4905.0,0.897049,349004.52251064475
4906.0,0.8820600000000001,343312.1521808425
4907.0,0.868337,338107.92784461007
4908.0,0.8666739999999999,337597.0578938653
4909.0,0.8601469999999999,335190.14469715336
4910.0,0.847239,330293.49233215273
4911.0,0.835002,325654.39902099816
4912.0,0.834227,325483.4194553812
4913.0,0.8506290000000001,332016.6376907407
4914.0,0.877984,342831.8307729599
4915.0,0.909459,355264.96014916437
4916.0,0.917817,358674.00402708416
4917.0,0.90406,353439.7988710234
4918.0,0.8945690000000001,349869.6534907552
4919.0,0.8871209999999999,347095.80474500166
4920.0,0.888344,347713.5316590766
4921.0,0.888792,348028.0996854502
4922.0,0.879921,344692.1961756433
4923.0,0.8697879999999999,340858.8826553293
4924.0,0.8793860000000001,344757.7425906765
4925.0,0.905979,355324.9714619616
4926.0,0.901984,353899.0453683557
4927.0,0.8716790000000001,342144.7973207616
4928.0,0.8759040000000001,343939.85816980724
4929.0,0.908235,356776.8893037021
4930.0,0.909596,357453.3293001291
4931.0,0.8739459999999999,343579.7577001357
4932.0,0.8364940000000001,328986.29592079506
4933.0,0.8199049999999999,322589.5995123703
4934.0,0.825152,324782.3906327961
4935.0,0.8318620000000001,327552.8153516328
4936.0,0.803812,316632.8073009692
4937.0,0.778386,306738.0552524848
4938.0,0.7852100000000001,309549.08568607736
4939.0,0.7951010000000001,313571.7327986804
4940.0,0.8103060000000001,319693.9415684056
4941.0,0.8220559999999999,324457.145413484
4942.0,0.855075,337621.87647941284
4943.0,0.915433,361595.6590420576
4944.0,0.942248,372333.3906935272
4945.0,0.919616,363532.49733480107
4946.0,0.890639,352215.31260101096
4947.0,0.906129,358481.04871931474
4948.0,0.934428,369820.94626805896
4949.0,0.930182,368284.0643096717
4950.0,0.903117,357707.6197158332
4951.0,0.8871180000000001,351507.49295777566
4952.0,0.90435,358474.7780514432
4953.0,0.922029,365624.5529338083
4954.0,0.908564,360424.952986808
4955.0,0.882258,350125.16724283894
4956.0,0.860059,341447.7160115195
4957.0,0.8570559999999999,340387.226593118
4958.0,0.869409,345426.8709533235
4959.0,0.882959,350946.00390760414
4960.0,0.885759,352194.8163455537
4961.0,0.885785,352340.9933709965
4962.0,0.896328,356672.0913507257
4963.0,0.902071,359095.566693648
4964.0,0.90176,359109.82889730745
4965.0,0.889559,354387.12139081163
4966.0,0.8889950000000001,354298.3951698024
4967.0,0.897811,357949.1441000479
4968.0,0.907516,361957.08506915625
4969.0,0.907771,362197.3988645803
4970.0,0.8817790000000001,351961.2500035954
4971.0,0.877074,350217.0294736904
4972.0,0.904113,361151.56946935755
4973.0,0.909844,363579.463125158
4974.0,0.874934,349762.4355968813
4975.0,0.855923,342292.88876153826
4976.0,0.882086,352889.92938053026
4977.0,0.906743,362892.12982407265
4978.0,0.896176,358799.2252217977
4979.0,0.874743,350350.99856098514
4980.0,0.886784,355308.2372752721
4981.0,0.899432,360512.35512963665
4982.0,0.880991,353254.35783441423
4983.0,0.859326,344697.46862984163
4984.0,0.86872,348597.2006477179
4985.0,0.888494,356666.5290308423
4986.0,0.871734,350070.46357300866
4987.0,0.8400610000000001,337478.24675937265
4988.0,0.831117,334010.755274511
4989.0,0.848458,341107.9233956753
4990.0,0.8488950000000001,341411.743261124
4991.0,0.8224370000000001,330894.83562670136
4992.0,0.808116,325254.8431491296
4993.0,0.8267209999999999,332867.65952637675
4994.0,0.841989,339141.91304957605
4995.0,0.845593,340720.83449255984
4996.0,0.838672,338058.2726934093
4997.0,0.827566,333706.00789041695
4998.0,0.8337190000000001,336312.411883607
4999.0,0.825149,332979.29871775187
5000.0,0.812331,327928.6739953692
5001.0,0.808388,326458.2007493018
5002.0,0.8090310000000001,326839.1677027079
5003.0,0.8201719999999999,331462.9029378128
5004.0,0.8386120000000001,339040.8054285033
5005.0,0.810198,327674.63384727464
5006.0,0.7684949999999999,310923.32956947124
5007.0,0.771098,312091.75673894683
5008.0,0.790995,320262.99975703756
5009.0,0.7775380000000001,314930.56340637495
5010.0,0.763898,309519.894324298
5011.0,0.771569,312743.1633969423
5012.0,0.782087,317123.0655734252
5013.0,0.788261,319743.9710227696
5014.0,0.783898,318090.9344610801
5015.0,0.789381,320433.3178426565
5016.0,0.7873600000000001,319730.05214584485
5017.0,0.7559739999999999,307097.2548657849
5018.0,0.72773,295731.89717833017
5019.0,0.741737,301534.1473145397
5020.0,0.762022,309893.584810727
5021.0,0.7619600000000001,309981.3884251047
5022.0,0.762854,310458.17164258484
5023.0,0.768008,312669.4754895876
5024.0,0.7624350000000001,310513.50336979434
5025.0,0.7558060000000001,307925.5878625311
5026.0,0.745621,303886.3582522167
5027.0,0.733729,299148.09370506485
5028.0,0.74916,305550.12813091394
5029.0,0.762053,310921.1410023972
5030.0,0.726793,296642.1433957346
5031.0,0.708862,289428.10561601975
5032.0,0.733269,299501.5509315209
5033.0,0.726258,296744.90929153294
5034.0,0.687387,280963.6347280873
5035.0,0.70385,287796.30673895293
5036.0,0.752944,307981.00706319534
5037.0,0.732815,299855.22296886495
5038.0,0.6932189999999999,283755.0426519693
5039.0,0.711208,291222.8719172326
5040.0,0.704576,288610.59032158554
5041.0,0.6683479999999999,273868.7591253257
5042.0,0.68423,280476.98531318083
5043.0,0.71554,293416.2532527796
5044.0,0.710721,291544.18524467124
5045.0,0.693632,284635.5862862153
5046.0,0.689083,282869.61894575367
5047.0,0.693046,284597.69550514553
5048.0,0.706967,290417.5535353238
5049.0,0.713742,293304.84102718724
5050.0,0.718064,295185.65159017197
5051.0,0.7240800000000001,297764.2865625716
5052.0,0.684493,281584.5929757941
5053.0,0.637508,262348.866847729
5054.0,0.663337,273074.60073482245
5055.0,0.674038,277577.87892848067
5056.0,0.633061,260795.00719660215
5057.0,0.650223,267959.4871726209
5058.0,0.679175,279989.31269844767
5059.0,0.643108,265214.02294569084
5060.0,0.619913,255738.42071911303
5061.0,0.62967,259854.8080289527
5062.0,0.624945,257995.37930451124
5063.0,0.608479,251285.8047804343
5064.0,0.608294,251297.39219749003
5065.0,0.646051,266988.8936869531
5066.0,0.661625,273520.63731573505
5067.0,0.614704,254211.90682236935
5068.0,0.608087,251563.1828345599
5069.0,0.61838,255910.53593806914
5070.0,0.5956239999999999,246579.03372994743
5071.0,0.607466,251568.93769848338
5072.0,0.610029,252718.16624674384
5073.0,0.59011,244551.17363143148
5074.0,0.607506,251847.70790923448
5075.0,0.6270789999999999,260052.0006800591
5076.0,0.609135,252698.03498368684
5077.0,0.5773699999999999,239603.27550933813
5078.0,0.600024,249090.54431922946
5079.0,0.639999,265777.2822892876
5080.0,0.630946,262108.1655596152
5081.0,0.619119,257283.62621923056
5082.0,0.582997,242356.04148436137
5083.0,0.554674,230661.2875178028
5084.0,0.581923,242075.95618639435
5085.0,0.602368,250666.97181230388
5086.0,0.595661,247960.97501349522
5087.0,0.585226,243700.5935869444
5088.0,0.590635,246037.2235577623
5089.0,0.5856,244023.26254303943
5090.0,0.583059,243047.43716288765
5091.0,0.5605979999999999,233764.37502563454
5092.0,0.526508,219624.02990534285
5093.0,0.524419,218827.1770783871
5094.0,0.5218550000000001,217831.41166496195
5095.0,0.4935850000000001,206101.08901519954
5096.0,0.462903,193355.20371996038
5097.0,0.442878,185053.52901803417
5098.0,0.465411,194534.73725211053
5099.0,0.537972,224940.3185316731
5100.0,0.571916,239214.1436988134
5101.0,0.5609770000000001,234718.05454290728
5102.0,0.555393,232460.16235035696
5103.0,0.541391,226676.09412765608
5104.0,0.5412279999999999,226684.2566140385
5105.0,0.5478810000000001,229548.05465006002
5106.0,0.528127,221346.10401244432
5107.0,0.510017,213827.79545614656
5108.0,0.484713,203287.19766538375
5109.0,0.458898,192525.04889203538
5110.0,0.461598,193722.72639843478
5111.0,0.476835,200184.39368184961
5112.0,0.510905,214559.39846710337
5113.0,0.5292939999999999,222356.34173767766
5114.0,0.5186569999999999,217960.50906794038
5115.0,0.5051859999999999,212370.28908963423
5116.0,0.475816,200090.3925889331
5117.0,0.457664,192521.1960264149
5118.0,0.449306,189068.19717834756
5119.0,0.431891,181800.36318599753
5120.0,0.417462,175784.96670165623
5121.0,0.412908,173925.04721600303
5122.0,0.422992,178231.67935830328
5123.0,0.420541,177257.59943016196
5124.0,0.405479,170965.51705807514
5125.0,0.37847,159630.22163425805
5126.0,0.335772,141667.91277177838
5127.0,0.282739,119331.736174443
5128.0,0.226249,95521.24982534294
5129.0,0.231125,97611.99767669082
5130.0,0.330708,139715.24257023667
5131.0,0.4473180000000001,189041.92758651773
5132.0,0.502037,212236.47571286414
5133.0,0.515979,218201.99964850818
5134.0,0.509622,215584.30038185255
5135.0,0.49722,210406.75495995933
5136.0,0.484965,205287.95826997433
5137.0,0.473943,200687.8336289169
5138.0,0.466146,197450.669151055
5139.0,0.465822,197377.76346039044
5140.0,0.465415,197269.54712835693
5141.0,0.4575550000000001,194001.14098327566
5142.0,0.452028,191720.0293858374
5143.0,0.460198,195248.59240387328
5144.0,0.467744,198514.53418659675
5145.0,0.4574720000000001,194217.94951640948
5146.0,0.44617,189481.0748505494
5147.0,0.443044,188214.39034313714
5148.0,0.440324,187119.3410412191
5149.0,0.440547,187274.56227734633
5150.0,0.445645,189502.81509892875
5151.0,0.4498140000000001,191337.2579305559
5152.0,0.449182,191129.9457937609
5153.0,0.433136,184361.55101049
5154.0,0.417337,177693.89452756164
5155.0,0.4193560000000001,178610.87036663838
5156.0,0.42161,179628.48355947153
5157.0,0.412158,175657.69285195196
5158.0,0.394135,168030.2403135574
5159.0,0.381161,162551.0481199388
5160.0,0.357771,152624.8280475854
5161.0,0.298635,127438.12129356063
5162.0,0.215917,92168.80566405845
5163.0,0.134778,57551.21059704113
5164.0,0.120228,51354.591398624805
5165.0,0.284537,121576.73308306451
5166.0,0.567639,242617.363405874
5167.0,0.752466,321717.2379824844
5168.0,0.8245969999999999,352668.6576985222
5169.0,0.868525,371573.7014887947
5170.0,0.904816,387222.2583725845
5171.0,0.90681,388198.2794022252
5172.0,0.882228,377794.18837435957
5173.0,0.884725,378983.00244189997
5174.0,0.919953,394197.56429664185
5175.0,0.947704,406216.6693568519
5176.0,0.957374,410490.6355467373
5177.0,0.959453,411511.3284202076
5178.0,0.960032,411888.9411707023
5179.0,0.961087,412470.91004574834
5180.0,0.959562,411945.4685926716
5181.0,0.952234,408927.49077066494
5182.0,0.93371,401097.94393255544
5183.0,0.902866,387969.3294371804
5184.0,0.8971129999999999,385617.5429825837
5185.0,0.924942,397703.6153943603
5186.0,0.946362,407040.48347653844
5187.0,0.952301,409722.38680995675
5188.0,0.942829,405773.2333969943
5189.0,0.936538,403190.9216685874
5190.0,0.946758,407717.2358385175
5191.0,0.948286,408501.8628445401
5192.0,0.935628,403173.8872160865
5193.0,0.931865,401676.60528212256
5194.0,0.937041,404032.5477287185
5195.0,0.942622,406564.46697448724
5196.0,0.954416,411778.3579573746
5197.0,0.95829,413577.20101074834
5198.0,0.954394,412022.5924004215
5199.0,0.960681,414864.33113540115
5200.0,0.968765,418483.91549433506
5201.0,0.962745,416011.08838140056
5202.0,0.948836,410126.623331063
5203.0,0.94329,407854.3344023713
5204.0,0.934306,404093.53503463086
5205.0,0.921294,398587.60566748894
5206.0,0.92016,398218.60788302915
5207.0,0.927144,401363.53585236403
5208.0,0.929281,402411.3040510513
5209.0,0.935997,405443.02491725184
5210.0,0.946877,410280.68952107156
5211.0,0.951355,412346.31437829236
5212.0,0.958179,415430.1703529894
5213.0,0.97067,420973.47884809226
5214.0,0.975771,423314.0176222342
5215.0,0.963063,417927.4779109465
5216.0,0.943766,409677.3099516648
5217.0,0.945629,410610.0667081081
5218.0,0.965599,419408.0044127243
5219.0,0.97669,424353.33226706285
5220.0,0.974011,423316.8704035779
5221.0,0.970103,421745.3212155417
5222.0,0.971011,422267.0140768834
5223.0,0.973902,423651.4706789935
5224.0,0.971876,422897.03755120205
5225.0,0.95612,416165.79685545294
5226.0,0.920824,400922.73033688625
5227.0,0.901816,392764.2267204584
5228.0,0.932117,406082.4576185837
5229.0,0.96638,421135.0775331809
5230.0,0.973208,424237.16185892763
5231.0,0.965034,420799.3693856802
5232.0,0.951941,415213.81727761746
5233.0,0.944325,412014.4275706909
5234.0,0.954269,416476.7833049521
5235.0,0.969591,423289.47771250684
5236.0,0.976377,426378.4303898554
5237.0,0.973854,425402.65889634617
5238.0,0.966839,422463.3537351911
5239.0,0.959791,419507.7245952765
5240.0,0.958935,419257.4021079177
5241.0,0.963159,421228.4624060295
5242.0,0.965329,422301.963615531
5243.0,0.964814,422200.9860533492
5244.0,0.962911,421492.2239624403
5245.0,0.958431,419654.53117820463
5246.0,0.957215,419245.1806560942
5247.0,0.960784,420931.8014227894
5248.0,0.962227,421687.5518339636
5249.0,0.955812,418998.8782571384
5250.0,0.944974,414368.9973994017
5251.0,0.941302,412879.44644044066
5252.0,0.945753,414952.86852018663
5253.0,0.949096,416541.0638372063
5254.0,0.945747,415192.1755870529
5255.0,0.941229,413328.9943317033
5256.0,0.945933,415515.4781950437
5257.0,0.950457,417623.987062951
5258.0,0.94859,416924.5900311996
5259.0,0.946964,416330.5867936504
5260.0,0.946338,416175.85917641147
5261.0,0.94555,415949.6228344317
5262.0,0.943675,415244.7888950113
5263.0,0.940395,413920.9734690022
5264.0,0.939753,413757.7079512241
5265.0,0.937236,412768.42543463
5266.0,0.928463,409022.4197819915
5267.0,0.926827,408419.1243856229
5268.0,0.917241,404311.0472281525
5269.0,0.880482,388219.4251406595
5270.0,0.863707,380932.2364628008
5271.0,0.8999090000000001,397012.5767280808
5272.0,0.934095,412212.32704246993
5273.0,0.939733,414818.90377108526
5274.0,0.940582,415312.243659435
5275.0,0.94147,415822.9379950033
5276.0,0.944858,417438.2710841409
5277.0,0.951074,420304.13778201584
5278.0,0.952333,420980.23267937324
5279.0,0.954146,421901.52418193355
5280.0,0.95023,420289.23309923447
5281.0,0.941364,416485.8546044125
5282.0,0.94349,417544.7148607549
5283.0,0.947722,419536.3039724037
5284.0,0.944278,418129.9051565653
5285.0,0.944836,418495.1607141032
5286.0,0.948085,420052.7284565279
5287.0,0.94724,419796.64857312955
5288.0,0.948959,420676.902486146
5289.0,0.953551,422831.46901397296
5290.0,0.956993,424477.0085056436
5291.0,0.95821,425136.1368623486
5292.0,0.956107,424322.05948722543
5293.0,0.948738,421169.6571480058
5294.0,0.943091,418779.9919983036
5295.0,0.946027,420201.1895887529
5296.0,0.9479,421150.74100055057
5297.0,0.94366,419383.91545350506
5298.0,0.94372,419527.5039011496
5299.0,0.951191,422966.4741642577
5300.0,0.948111,421714.1850375663
5301.0,0.93348,415321.80366247514
5302.0,0.933487,415440.2357333126
5303.0,0.952511,424024.2823867883
5304.0,0.965428,429893.5637618503
5305.0,0.95908,427185.09416584345
5306.0,0.944075,420617.9812877959
5307.0,0.934007,416247.29942400835
5308.0,0.933952,416337.65644916723
5309.0,0.942355,420199.3670136565
5310.0,0.946591,422204.4654942864
5311.0,0.951528,424523.2688272502
5312.0,0.961945,429288.76587873336
5313.0,0.955,426306.434168221
5314.0,0.934691,417355.06645493937
5315.0,0.92979,415280.45572836103
5316.0,0.940431,420148.1251951795
5317.0,0.954584,426587.76522457844
5318.0,0.95912,428731.9238921142
5319.0,0.944727,422413.4263199561
5320.0,0.9246,413526.80460349855
5321.0,0.928491,415380.15587103966
5322.0,0.950409,425301.32603553514
5323.0,0.953446,426776.333088762
5324.0,0.936923,419494.27368419536
5325.0,0.923707,413689.1793951121
5326.0,0.914409,409635.9738678337
5327.0,0.89179,399611.2865831528
5328.0,0.8714299999999999,390593.56659671024
5329.0,0.8937129999999999,400689.503417067
5330.0,0.926761,415618.46307157696
5331.0,0.936813,420239.6866999862
5332.0,0.936871,420378.8954159323
5333.0,0.937231,420653.57864789746
5334.0,0.936163,420287.1681047451
5335.0,0.937401,420955.96387638635
5336.0,0.937844,421267.8688982397
5337.0,0.936537,420793.5066794799
5338.0,0.938494,421785.67870199186
5339.0,0.930652,418373.1114868333
5340.0,0.912541,410340.92994610727
5341.0,0.915411,411741.3295589194
5342.0,0.935561,420916.7518335877
5343.0,0.944738,425158.7601887425
5344.0,0.944504,425166.53884847957
5345.0,0.941153,423770.6917428026
5346.0,0.929805,418772.21180602047
5347.0,0.922753,415706.31160380045
5348.0,0.92676,417622.1159979824
5349.0,0.929494,418964.99385925534
5350.0,0.93438,421278.6995721377
5351.0,0.940587,424189.2339601262
5352.0,0.935696,422094.82508518285
5353.0,0.925029,417392.9126336602
5354.0,0.918869,414722.57084331196
5355.0,0.919767,415237.0798661334
5356.0,0.930005,419969.45362926566
5357.0,0.935112,422386.5182388031
5358.0,0.925384,418102.03819792025
5359.0,0.908692,410667.90882343485
5360.0,0.900949,407275.1538106446
5361.0,0.911407,412110.4226305792
5362.0,0.924222,418014.1215544054
5363.0,0.925555,418726.241402595
5364.0,0.913616,413432.6999481275
5365.0,0.8880629999999999,401974.0022216696
5366.0,0.873352,395418.0182460682
5367.0,0.88813,402213.3730135149
5368.0,0.911408,412862.57385604444
5369.0,0.917145,415569.13020687585
5370.0,0.893716,405058.07143344387
5371.0,0.848151,384506.15912794595
5372.0,0.835937,379066.94871858915
5373.0,0.879811,399065.23143676185
5374.0,0.920288,417532.4944244371
5375.0,0.923548,419119.52593849914
5376.0,0.8983959999999999,407810.1371514511
5377.0,0.875886,397694.38740468345
5378.0,0.879191,399297.5680075101
5379.0,0.8946780000000001,406435.4943763004
5380.0,0.907474,412354.16374444414
5381.0,0.911182,414145.105458963
5382.0,0.889352,404326.4753327111
5383.0,0.867771,394615.92152094335
5384.0,0.8785870000000001,399636.4630717525
5385.0,0.906488,412432.7466122865
5386.0,0.917653,417618.9549117862
5387.0,0.90458,411774.27614344924
5388.0,0.8809440000000001,401116.87742297706
5389.0,0.874533,398298.9154264963
5390.0,0.8885629999999999,404791.4403511137
5391.0,0.900701,410424.9926330135
5392.0,0.893907,407432.2822941199
5393.0,0.8814059999999999,401836.08238805854
5394.0,0.8792700000000001,400963.55502166745
5395.0,0.868583,396190.05581410206
5396.0,0.850103,387858.4716460127
5397.0,0.8457790000000001,385982.84595908225
5398.0,0.85129,388595.61644059216
5399.0,0.856419,391035.15603064466
5400.0,0.869334,397031.72212653473
5401.0,0.877434,400831.56908849423
5402.0,0.8690959999999999,397122.06199756707
5403.0,0.851405,389135.7670367738
5404.0,0.8474809999999999,387439.1482382238
5405.0,0.861708,394041.6411061042
5406.0,0.858798,392808.9446799985
5407.0,0.8436620000000001,385982.0150354648
5408.0,0.835269,382237.3026312517
5409.0,0.845311,386928.9591106652
5410.0,0.864135,395643.6570064349
5411.0,0.8762260000000001,401279.09163437225
5412.0,0.8595940000000001,393759.8606899021
5413.0,0.8272370000000001,379031.737816293
5414.0,0.837174,383679.6837367239
5415.0,0.871612,399561.47269376327
5416.0,0.8831959999999999,404971.74013926723
5417.0,0.867776,397999.3541122295
5418.0,0.8419209999999999,386236.2841043004
5419.0,0.825551,378819.667660777
5420.0,0.840307,385685.54553087335
5421.0,0.867657,398336.5108718324
5422.0,0.878115,403236.6352838949
5423.0,0.8436610000000001,387510.07109561306
5424.0,0.80109,368046.46710262727
5425.0,0.817144,375514.01397451246
5426.0,0.8573729999999999,394097.2953141354
5427.0,0.8668870000000001,398567.7256543742
5428.0,0.831659,382464.2131952719
5429.0,0.77961,358615.18709048035
5430.0,0.7798039999999999,358791.6991997055
5431.0,0.829425,381715.31962690374
5432.0,0.8495030000000001,391050.4720876539
5433.0,0.810607,373236.03316849313
5434.0,0.781185,359776.1061859412
5435.0,0.791212,364482.24905587034
5436.0,0.809575,373031.5711773667
5437.0,0.825518,380469.5645359797
5438.0,0.8312709999999999,383213.46989038604
5439.0,0.823752,379838.7513103447
5440.0,0.810951,374026.1283055121
5441.0,0.807024,372304.4337185783
5442.0,0.8179420000000001,377431.8850227702
5443.0,0.828493,382392.29156172625
5444.0,0.8247770000000001,380768.422971928
5445.0,0.803756,371152.67871910334
5446.0,0.781328,360882.3456431186
5447.0,0.765476,353645.0589841829
5448.0,0.778319,359664.2775665785
5449.0,0.8104899999999999,374619.9316810025
5450.0,0.8335899999999999,385388.8559936382
5451.0,0.8244969999999999,381275.64357341366
5452.0,0.809639,374493.7893759969
5453.0,0.821364,380007.3275232085
5454.0,0.8245290000000001,381562.10796880274
5455.0,0.7965270000000001,368691.13364291156
5456.0,0.761264,352452.2299369989
5457.0,0.7677970000000001,355560.9431206878
5458.0,0.8012060000000001,371120.0266187538
5459.0,0.81266,376514.3485091175
5460.0,0.809601,375185.48117208167
5461.0,0.794977,368495.1558407769
5462.0,0.778928,361140.88402950054
5463.0,0.794421,368410.5599322905
5464.0,0.8129029999999999,377070.0030539287
5465.0,0.787272,365266.513181866
5466.0,0.762933,354056.9629864432
5467.0,0.764808,355010.1245889506
5468.0,0.7661819999999999,355731.01410829066
5469.0,0.761338,353564.4998635726
5470.0,0.7836609999999999,364016.132562297
5471.0,0.819071,380552.94735190127
5472.0,0.8063130000000001,374712.5482106849
5473.0,0.779779,362465.8006937481
5474.0,0.7849689999999999,364962.98934516025
5475.0,0.79986,371972.64929361304
5476.0,0.796135,370326.1223928937
5477.0,0.774768,360470.5584678713
5478.0,0.769311,358014.3648193966
5479.0,0.795821,370436.85044941126
5480.0,0.820161,381854.63985204947
5481.0,0.7983399999999999,371780.75916517025
5482.0,0.758069,353108.1259867546
5483.0,0.763356,355652.56498048705
5484.0,0.778323,362709.0780459105
5485.0,0.7745529999999999,361035.0228052603
5486.0,0.772547,360182.51641874306
5487.0,0.751625,350508.3364583763
5488.0,0.734064,342397.33100126707
5489.0,0.750312,350056.01128590363
5490.0,0.757057,353283.47430628457
5491.0,0.740358,345569.5802867213
5492.0,0.719176,335759.1058055197
5493.0,0.715902,334306.61043587024
5494.0,0.7430140000000001,347046.00822686136
5495.0,0.7506390000000001,350687.06117127853
5496.0,0.70029,327238.95507384324
5497.0,0.6608539999999999,308880.8213928731
5498.0,0.6783939999999999,317150.68969059165
5499.0,0.703541,328981.2972254321
5500.0,0.694387,324774.114457565
5501.0,0.666832,311956.6016814772
5502.0,0.691673,323650.5781571083
5503.0,0.747899,350038.83251770126
5504.0,0.767621,359350.0629938971
5505.0,0.7549,353474.2659015734
5506.0,0.744167,348526.7970017256
5507.0,0.763841,357821.1602723494
5508.0,0.7729590000000001,362173.5184449361
5509.0,0.760149,356250.954733566
5510.0,0.7379,345900.9760843113
5511.0,0.732742,343559.7087872573
5512.0,0.7579899999999999,355476.8918281505
5513.0,0.779521,365655.71845859627
5514.0,0.759731,356451.9088989303
5515.0,0.727195,341262.385923951
5516.0,0.748082,351142.2438776849
5517.0,0.768981,361032.0151743159
5518.0,0.7466619999999999,350630.97664599173
5519.0,0.7235,339829.2746976303
5520.0,0.734772,345199.9844088172
5521.0,0.750063,352461.53064647765
5522.0,0.7362989999999999,346069.95565734623
5523.0,0.694929,326697.4343191014
5524.0,0.6734899999999999,316688.24030857236
5525.0,0.702025,330178.47375287686
5526.0,0.7136319999999999,335711.1620234864
5527.0,0.681917,320861.91119029326
5528.0,0.6718189999999999,316179.71937819035
5529.0,0.7004859999999999,329743.43819895794
5530.0,0.71408,336216.05029583164
5531.0,0.703334,331228.69296317163
5532.0,0.685517,322908.3161408057
5533.0,0.689898,325042.7207968593
5534.0,0.710384,334767.41900255356
5535.0,0.707669,333560.4370995094
5536.0,0.679937,320558.4901606238
5537.0,0.658746,310635.25438599946
5538.0,0.6347689999999999,299393.5912032243
5539.0,0.5952430000000001,280811.58613390697
5540.0,0.588394,277640.48402732966
5541.0,0.651008,307251.9239640149
5542.0,0.721146,340427.8713820167
5543.0,0.741909,350304.786281865
5544.0,0.725013,342400.6998681183
5545.0,0.728196,343977.83109974547
5546.0,0.733858,346726.7984717339
5547.0,0.711902,336425.3386921851
5548.0,0.695175,328590.9791549681
5549.0,0.715951,338483.64864501735
5550.0,0.737082,348548.32439479424
5551.0,0.711438,336493.7090227128
5552.0,0.694476,328541.1152042723
5553.0,0.7271989999999999,344094.9112081764
5554.0,0.737372,348982.78836464364
5555.0,0.6986439999999999,330723.90435095795
5556.0,0.691967,327632.684492836
5557.0,0.723405,342590.58599082264
5558.0,0.712657,337572.0285337189
5559.0,0.6895640000000001,326702.42315797677
5560.0,0.710693,336784.10668690933
5561.0,0.714233,338533.0980548274
5562.0,0.680549,322635.53184671694
5563.0,0.687319,325913.69711834047
5564.0,0.717363,340231.5653811577
5565.0,0.695855,330100.09379809035
5566.0,0.662492,314339.31127194467
5567.0,0.67642,321015.17354064906
5568.0,0.680323,322935.0874953561
5569.0,0.663319,314929.523997653
5570.0,0.682349,324032.2645198827
5571.0,0.696144,330652.2150974418
5572.0,0.6592859999999999,313210.8224644585
5573.0,0.640592,304393.14658985095
5574.0,0.650397,309116.53778477525
5575.0,0.626826,297975.77906750725
5576.0,0.600846,285684.8995941085
5577.0,0.6188100000000001,294287.27463637333
5578.0,0.637947,303451.09344705555
5579.0,0.639695,304345.51779701485
5580.0,0.654899,311643.4669126883
5581.0,0.6433439999999999,306208.0471904354
5582.0,0.5950439999999999,283277.4274045171
5583.0,0.556921,265183.1513611
5584.0,0.527554,251251.46143907757
5585.0,0.559758,266643.63933044655
5586.0,0.690945,329202.8147116837
5587.0,0.771399,367610.72629297787
5588.0,0.775805,369786.1315509322
5589.0,0.800971,381859.56973180757
5590.0,0.80089,381898.9804902525
5591.0,0.798871,381013.99256352155
5592.0,0.808978,385913.1004775867
5593.0,0.7811739999999999,372725.4364039543
5594.0,0.776367,370507.20714418264
5595.0,0.775151,370002.06378257053
5596.0,0.759724,362711.9154784815
5597.0,0.7625310000000001,364125.85978178773
5598.0,0.744904,355780.6037909642
5599.0,0.740241,353624.9836073346
5600.0,0.7575069999999999,361946.3475506296
5601.0,0.757629,362077.7035096415
5602.0,0.767555,366895.3791193661
5603.0,0.769837,368060.2890129858
5604.0,0.773637,369951.4730208041
5605.0,0.774828,370595.4494448224
5606.0,0.762864,364946.3670026234
5607.0,0.751868,359758.094501555
5608.0,0.730966,349826.8179699936
5609.0,0.721427,345330.6819715442
5610.0,0.717644,343588.47255074914
5611.0,0.727904,348570.22446983395
5612.0,0.738577,353751.68262490135
5613.0,0.7381979999999999,353640.5485999146
5614.0,0.719662,344829.26825724513
5615.0,0.699541,335254.7824979262
5616.0,0.697704,334440.744879192
5617.0,0.704466,337748.9978185605
5618.0,0.696908,334191.5355040691
5619.0,0.690652,331257.05427665
5620.0,0.691979,331959.0739099731
5621.0,0.6838989999999999,328147.62692981755
5622.0,0.663698,318517.55971562274
5623.0,0.641988,308159.28291353956
5624.0,0.62302,299113.2893096277
5625.0,0.622991,299158.10316431575
5626.0,0.66706,320382.71506010345
5627.0,0.7154729999999999,343702.3567503492
5628.0,0.724242,347982.93937561463
5629.0,0.721136,346558.3038469528
5630.0,0.7122069999999999,342334.0990893223
5631.0,0.680546,327179.5120891047
5632.0,0.632857,304311.80340431916
5633.0,0.5680390000000001,273196.9593086073
5634.0,0.50774,244243.7650705536
5635.0,0.547253,263302.2446722003
5636.0,0.7110770000000001,342189.94813534373
5637.0,0.8547950000000001,411430.70371044154
5638.0,0.90969,437937.5232753127
5639.0,0.91604,441079.7201176048
5640.0,0.917247,441746.14716392336
5641.0,0.91878,442569.74829222565
5642.0,0.917807,442186.1970877016
5643.0,0.921034,443826.2721423491
5644.0,0.924279,445475.538146249
5645.0,0.92227,444592.5612849971
5646.0,0.919199,443197.08114475664
5647.0,0.924914,446037.9830703873
5648.0,0.932611,449835.85543649533
5649.0,0.929417,448380.892019657
5650.0,0.92862,448081.8684619682
5651.0,0.934223,450871.3604188154
5652.0,0.927777,447845.6467617648
5653.0,0.920192,444268.7572316417
5654.0,0.932131,450118.37255957327
5655.0,0.938453,453257.17547040194
5656.0,0.927351,447979.95586162223
5657.0,0.923061,445991.9513330796
5658.0,0.931946,450369.9995054276
5659.0,0.934791,451830.15962851205
5660.0,0.928204,448730.9491412867
5661.0,0.925975,447737.6840354778
5662.0,0.933553,451486.8120154939
5663.0,0.937373,453419.4417127653
5664.0,0.934681,452202.1520108717
5665.0,0.931821,450902.9961416217
5666.0,0.932005,451076.4891556663
5667.0,0.934668,452449.95583668374
5668.0,0.937955,454125.9407794704
5669.0,0.934869,452716.27058461274
5670.0,0.927761,449357.917609658
5671.0,0.931315,451163.26473939937
5672.0,0.940733,455810.43528130674
5673.0,0.946399,458640.935517957
5674.0,0.935443,453415.5745712057
5675.0,0.922539,447243.7775614204
5676.0,0.928546,450239.267125749
5677.0,0.941155,456437.56293338235
5678.0,0.947069,459390.52074687113
5679.0,0.938691,455410.6179722138
5680.0,0.92961,451088.00669701555
5681.0,0.935654,454104.36172701523
5682.0,0.946564,459483.7798290117
5683.0,0.948668,460589.6409248223
5684.0,0.934879,453978.1365026172
5685.0,0.924569,449053.810465288
5686.0,0.930479,452006.90042267775
5687.0,0.943185,458262.91264868097
5688.0,0.953161,463194.43507286534
5689.0,0.945136,459378.35019534035
5690.0,0.930965,452572.9859605623
5691.0,0.931377,452855.6019440788
5692.0,0.944627,459381.454483216
5693.0,0.955269,464641.0358917871
5694.0,0.948765,461561.11620015727
5695.0,0.931803,453391.3727556367
5696.0,0.925463,450387.88772772904
5697.0,0.939357,457232.1073775595
5698.0,0.958361,466566.42556915595
5699.0,0.959619,467263.0124001673
5700.0,0.946375,460897.07000230474
5701.0,0.936158,456003.17835905176
5702.0,0.938466,457209.44723329914
5703.0,0.950666,463236.16467332863
5704.0,0.957576,466686.7793060992
5705.0,0.952258,464177.9780098937
5706.0,0.943996,460232.857369862
5707.0,0.940431,458576.5844648015
5708.0,0.945961,461355.3376783853
5709.0,0.952726,464737.3976633882
5710.0,0.952226,464576.0681069074
5711.0,0.947675,462437.79766104603
5712.0,0.944733,461083.9397469419
5713.0,0.942959,460299.64142393175
5714.0,0.945978,461855.0406088617
5715.0,0.952452,465098.0108056781
5716.0,0.957028,467415.02503715095
5717.0,0.959363,468638.0397450281
5718.0,0.954502,466345.58757607784
5719.0,0.945712,462132.2676002664
5720.0,0.939876,459361.1116697902
5721.0,0.934927,457022.465700987
5722.0,0.935484,457374.8709444533
5723.0,0.943547,461397.7489835836
5724.0,0.94379,461597.24737388926
5725.0,0.940211,459927.0797652938
5726.0,0.94587,462775.9987385112
5727.0,0.951392,465558.7589744643
5728.0,0.944022,462032.64493122295
5729.0,0.928347,454439.7716365035
5730.0,0.911277,446161.16017560655
5731.0,0.901683,441540.4533775764
5732.0,0.904435,442964.7347598862
5733.0,0.909014,445284.36651531805
5734.0,0.911307,446484.69314709486
5735.0,0.915857,448791.30997380265
5736.0,0.923014,452376.32571366546
5737.0,0.923161,452526.22137875075
5738.0,0.919449,450784.0842193249
5739.0,0.920436,451345.4450112609
5740.0,0.918863,450651.35281741834
5741.0,0.907351,445081.55241950013
5742.0,0.892877,438056.5457600625
5743.0,0.883857,433705.2906310119
5744.0,0.884851,434267.1171009826
5745.0,0.893395,438535.0520425898
5746.0,0.899057,441389.42720007576
5747.0,0.892518,438253.6051219829
5748.0,0.8837149999999999,434004.73196785507
5749.0,0.877634,431091.35305367183
5750.0,0.878784,431729.3332302321
5751.0,0.880883,432833.7314395219
5752.0,0.8850459999999999,434952.74655956466
5753.0,0.892173,438529.2679857231
5754.0,0.8849370000000001,435045.86583528004
5755.0,0.8832629999999999,434295.9954613632
5756.0,0.8976850000000001,441461.42387203017
5757.0,0.8974479999999999,441418.9775076186
5758.0,0.8852629999999999,435498.68182954047
5759.0,0.887784,436812.0207503765
5760.0,0.894999,440435.6493490267
5761.0,0.886718,436433.4159415868
5762.0,0.885791,436049.9104883631
5763.0,0.8895069999999999,437952.1740884106
5764.0,0.8888659999999999,437709.4265531064
5765.0,0.890201,438439.7110943586
5766.0,0.8928379999999999,439811.5006925135
5767.0,0.8971120000000001,441990.162304438
5768.0,0.897941,442471.87574870134
5769.0,0.8971110000000001,442136.0172557005
5770.0,0.8924200000000001,439896.75891724473
5771.0,0.886798,437197.6693873203
5772.0,0.897964,442775.55478850676
5773.0,0.908123,447858.55377740174
5774.0,0.902251,445035.82189038256
5775.0,0.905565,446743.8032471679
5776.0,0.914528,451239.52919499046
5777.0,0.90435,446290.6695869728
5778.0,0.895059,441777.88686176995
5779.0,0.911198,449817.1653405356
5780.0,0.919809,454142.12712467683
5781.0,0.900496,444679.08504894417
5782.0,0.892043,440576.5694976138
5783.0,0.907877,448469.82299545023
5784.0,0.909538,449363.2743635152
5785.0,0.894136,441825.4574096518
5786.0,0.894933,442290.9134573687
5787.0,0.912172,450883.6460523166
5788.0,0.913411,451569.02858710376
5789.0,0.896777,443417.1104689133
5790.0,0.9004610000000001,445310.4456000741
5791.0,0.91413,452143.0266993881
5792.0,0.912495,451406.88804680045
5793.0,0.8993629999999999,444981.9863237975
5794.0,0.900725,445727.33470862184
5795.0,0.913163,451954.7010785558
5796.0,0.910849,450881.5358154056
5797.0,0.8967780000000001,443987.1348168107
5798.0,0.896684,444011.4291247405
5799.0,0.916822,454055.5158859623
5800.0,0.922789,457083.4035697075
5801.0,0.908225,449940.95171815593
5802.0,0.900372,446121.3325660216
5803.0,0.905741,448852.74961600685
5804.0,0.919583,455784.51093237597
5805.0,0.916106,454132.9719044917
5806.0,0.900373,446404.29252630746
5807.0,0.901118,446844.1421051343
5808.0,0.909616,451129.1739954947
5809.0,0.918748,455729.93946807226
5810.0,0.919043,455947.91144563747
5811.0,0.908065,450572.3056726558
5812.0,0.905181,449211.6997968784
5813.0,0.915071,454190.8776361637
5814.0,0.930443,461892.9006451586
5815.0,0.935266,464359.64830434596
5816.0,0.9149,454318.7712466479
5817.0,0.898581,446284.6250056884
5818.0,0.910392,452220.9526664163
5819.0,0.930234,462148.90107661206
5820.0,0.934274,464228.0312192426
5821.0,0.919307,456861.9200145141
5822.0,0.905027,449834.89238788106
5823.0,0.905654,450216.11615198647
5824.0,0.918329,456587.549708282
5825.0,0.933117,464011.5808655555
5826.0,0.930332,462697.9168317287
5827.0,0.914031,454660.5691680349
5828.0,0.911205,453324.46266913536
5829.0,0.920784,458160.2797764882
5830.0,0.928613,462126.5866754545
5831.0,0.924533,460166.5558965668
5832.0,0.913374,454681.86503130035
5833.0,0.909536,452840.3833830073
5834.0,0.911697,453985.48183594464
5835.0,0.917062,456726.5250747929
5836.0,0.93324,464854.34430145205
5837.0,0.943263,469918.2108996283
5838.0,0.932793,464772.6856892316
5839.0,0.916897,456921.5356409946
5840.0,0.908129,452620.575890037
5841.0,0.911002,454121.0843140085
5842.0,0.929369,463346.64252946206
5843.0,0.940481,468957.28019334923
5844.0,0.931283,464440.69308850926
5845.0,0.92462,461187.06798345334
5846.0,0.92321,460552.8789491553
5847.0,0.925182,461605.79824454215
5848.0,0.927447,462805.14262201724
5849.0,0.918076,458197.3994801476
5850.0,0.909244,453857.2270273473
5851.0,0.91911,458850.32566698367
5852.0,0.923863,461291.8530166223
5853.0,0.905836,452358.0879739551
5854.0,0.898402,448712.3078147355
5855.0,0.919798,459466.8019068038
5856.0,0.933074,466167.5997353353
5857.0,0.91974,459573.849234492
5858.0,0.903554,451552.7580495876
5859.0,0.887925,443807.60409808025
5860.0,0.8801200000000001,439971.2820906887
5861.0,0.890265,445108.2467875763
5862.0,0.905707,452895.3718128357
5863.0,0.908023,454120.1170467007
5864.0,0.899482,449914.5297736388
5865.0,0.896006,448241.4621300082
5866.0,0.895193,447900.21263303765
5867.0,0.8970520000000001,448895.8694697578
5868.0,0.901235,451054.8488438466
5869.0,0.901241,451123.52983500453
5870.0,0.894734,447931.5253818094
5871.0,0.8826379999999999,441940.0651019916
5872.0,0.868467,434907.6608769549
5873.0,0.858418,429937.6243096507
5874.0,0.8617049999999999,431646.3433140194
5875.0,0.879667,440707.5460205095
5876.0,0.891134,446516.8487857804
5877.0,0.884474,443243.6022187455
5878.0,0.8628600000000001,432474.22207447345
5879.0,0.849319,425748.5044576719
5880.0,0.847557,424926.2156103076
5881.0,0.8492790000000001,425850.5693810763
5882.0,0.861117,431848.2495069831
5883.0,0.8638049999999999,433258.1940282288
5884.0,0.8508399999999999,426816.2629430924
5885.0,0.855883,429407.2436982111
5886.0,0.8735280000000001,438322.3541506561
5887.0,0.8699319999999999,436580.0006113967
5888.0,0.844146,423699.30964858807
5889.0,0.8244459999999999,413870.0325893776
5890.0,0.817708,410545.69918968703
5891.0,0.834065,418817.25833712326
5892.0,0.8637540000000001,433786.54164906096
5893.0,0.8717290000000001,437853.41774723574
5894.0,0.8593790000000001,431711.03792797116
5895.0,0.8366299999999999,420342.1421667604
5896.0,0.827111,415617.95222439355
5897.0,0.8452290000000001,424781.7120299929
5898.0,0.8568370000000001,430675.80261527374
5899.0,0.8672989999999999,435995.3544528473
5900.0,0.8760540000000001,440458.0663493639
5901.0,0.85895,431918.8598384371
5902.0,0.8498879999999999,427421.6265885083
5903.0,0.864665,434913.71692613617
5904.0,0.869733,437523.6389170126
5905.0,0.872092,438771.2299026014
5906.0,0.8776309999999999,441619.2352985345
5907.0,0.8635209999999999,434579.29805878806
5908.0,0.8526879999999999,429186.7486946595
5909.0,0.874065,440007.2427316735
5910.0,0.888331,447250.4368161405
5911.0,0.867282,436712.9473470111
5912.0,0.851377,428763.04505713284
5913.0,0.865898,436135.8500738511
5914.0,0.881757,444184.6054022711
5915.0,0.878714,442712.2993968986
5916.0,0.8762629999999999,441537.80103352765
5917.0,0.8815780000000001,444276.61438234913
5918.0,0.880184,443634.58175229846
5919.0,0.8669969999999999,437047.5093791856
5920.0,0.852074,429583.3297276536
5921.0,0.8561280000000001,431685.8151141854
5922.0,0.864816,436125.703937737
5923.0,0.8646889999999999,436120.7110579757
5924.0,0.8653299999999999,436503.03437324776
5925.0,0.8815149999999999,444727.37413280655
5926.0,0.893308,450737.76550227415
5927.0,0.8814790000000001,444829.0920751134
5928.0,0.869727,438957.60023141163
5929.0,0.870417,439364.8531005726
5930.0,0.8879090000000001,448254.4955809331
5931.0,0.896166,452483.58251605096
5932.0,0.873266,440980.1108717298
5933.0,0.8476879999999999,428120.9629072019
5934.0,0.857403,433085.24181921635
5935.0,0.8919229999999999,450581.7492722181
5936.0,0.906397,457954.6369642057
5937.0,0.8829799999999999,446182.52415246505
5938.0,0.8596600000000001,434456.21787619824
5939.0,0.8674649999999999,438458.7964917781
5940.0,0.8887889999999999,449296.40769983805
5941.0,0.897375,453696.6902024853
5942.0,0.886917,448468.4688657869
5943.0,0.8769979999999999,443511.359643077
5944.0,0.878183,444169.05844207737
5945.0,0.8753049999999999,442771.57951321336
5946.0,0.8788590000000001,444627.6884683086
5947.0,0.880224,445376.60294588964
5948.0,0.863482,436962.62840448075
5949.0,0.8625719999999999,436559.15215736337
5950.0,0.8780110000000001,444431.0092348708
5951.0,0.883287,447159.8598812445
5952.0,0.8892610000000001,450242.73731961654
5953.0,0.891345,451356.52075726684
5954.0,0.866015,438586.8863901707
5955.0,0.847411,429220.6279778928
5956.0,0.8558620000000001,433557.211599656
5957.0,0.8616229999999999,436531.9712783006
5958.0,0.8721459999999999,441920.339706048
5959.0,0.882769,447360.6871188931
5960.0,0.868466,440168.97740105796
5961.0,0.863992,437957.65289949684
5962.0,0.8903030000000001,451352.5964226486
5963.0,0.910344,461571.80679848103
5964.0,0.912674,462812.3840206839
5965.0,0.901316,457111.18488053017
5966.0,0.8762270000000001,444443.74154320924
5967.0,0.8657540000000001,439187.5178116791
5968.0,0.8720760000000001,442450.87284048996
5969.0,0.883682,448396.1675536045
5970.0,0.8992950000000001,456376.3656689872
5971.0,0.908041,460873.17465917167
5972.0,0.899948,456823.3727175472
5973.0,0.8794709999999999,446485.41086508735
5974.0,0.8655520000000001,439474.50437553367
5975.0,0.888041,450949.83434755943
5976.0,0.914864,464629.0597565339
5977.0,0.909351,461887.1895925904
5978.0,0.8867709999999999,450474.60273973265
5979.0,0.868876,441439.3189307952
5980.0,0.8731690000000001,443675.8862481036
5981.0,0.892917,453766.9237973355
5982.0,0.901469,458170.0443565015
5983.0,0.886669,450704.0824055518
5984.0,0.870834,442710.00724322593
5985.0,0.873124,443929.2959316833
5986.0,0.8765200000000001,445711.20330075757
5987.0,0.8705940000000001,442752.63388660416
5988.0,0.877218,446176.51219808636
5989.0,0.889302,452378.59510295757
5990.0,0.883764,449616.8895506909
5991.0,0.8802049999999999,447861.3615158141
5992.0,0.879124,447366.31350517017
5993.0,0.852562,433902.76194246236
5994.0,0.829232,422080.9193632552
5995.0,0.843248,429267.6227582418
5996.0,0.8747370000000001,445351.97271632607
5997.0,0.8771129999999999,446616.15117920644
5998.0,0.857108,436483.00833598943
5999.0,0.8518370000000001,433851.5296167397
6000.0,0.8433350000000001,429573.53822051315
6001.0,0.8368979999999999,426346.41231379
6002.0,0.850035,433091.34113139985
6003.0,0.849627,432935.8319100111
6004.0,0.8277100000000001,421818.7551852825
6005.0,0.823068,419503.68626920716
6006.0,0.8430559999999999,429742.98124204314
6007.0,0.848952,432800.47890147445
6008.0,0.842469,429546.9879278304
6009.0,0.848716,432784.01740707783
6010.0,0.862282,439754.35022805224
6011.0,0.869871,443677.69901621196
6012.0,0.868648,443106.804174683
6013.0,0.853484,435423.38554362184
6014.0,0.8346520000000001,425866.5212856712
6015.0,0.8337129999999999,425437.97692736454
6016.0,0.8522219999999999,434934.60822731676
6017.0,0.8624229999999999,440192.88965308294
6018.0,0.864452,441280.7357244101
6019.0,0.8548399999999999,436425.61968770786
6020.0,0.839041,428410.2229906962
6021.0,0.8517299999999999,434940.4024783835
6022.0,0.8686280000000001,443621.63880827243
6023.0,0.858038,438264.64086841757
6024.0,0.849794,434104.7224709123
6025.0,0.856259,437458.50309400755
6026.0,0.85564,437193.38292564894
6027.0,0.856798,437836.19173059193
6028.0,0.8602629999999999,439658.1165955434
6029.0,0.863526,441377.1349401416
6030.0,0.863482,441405.9556579645
6031.0,0.852557,435871.7640001992
6032.0,0.853505,436407.0097979299
6033.0,0.8578889999999999,438699.3683355401
6034.0,0.8609959999999999,440339.0795580804
6035.0,0.870136,445064.9001429161
6036.0,0.8605450000000001,440209.92559092457
6037.0,0.837585,428514.08160508296
6038.0,0.840283,429943.78100142855
6039.0,0.86524,442764.1966522017
6040.0,0.862517,441421.3228465974
6041.0,0.838522,429190.1723121557
6042.0,0.834456,427157.7964789041
6043.0,0.850778,435562.67944805935
6044.0,0.8557319999999999,438148.7951535003
6045.0,0.854275,437452.50837281643
6046.0,0.86488,442933.32739209576
6047.0,0.8674219999999999,444285.51423908665
6048.0,0.844038,432357.3659004016
6049.0,0.8283309999999999,424359.41798086977
6050.0,0.8466239999999999,433779.974699819
6051.0,0.869107,445349.6244810838
6052.0,0.858251,439836.2358073551
6053.0,0.835514,428232.071754589
6054.0,0.838096,429603.61122991855
6055.0,0.8533790000000001,437486.57437777537
6056.0,0.8476879999999999,434617.6534058172
6057.0,0.817639,419258.0410859817
6058.0,0.7948,407592.3855252419
6059.0,0.793277,406856.62649626407
6060.0,0.818954,420072.540421589
6061.0,0.8551120000000001,438668.0112621817
6062.0,0.8849790000000001,454039.9177095733
6063.0,0.893408,458415.12749822106
6064.0,0.874727,448879.31691652106
6065.0,0.86779,445368.5949512309
6066.0,0.877654,450480.60441408865
6067.0,0.885633,454626.0214532964
6068.0,0.8858290000000001,454776.5455725215
6069.0,0.8761200000000001,449841.32631339686
6070.0,0.8629479999999999,443126.6827300547
6071.0,0.8633780000000001,443395.92627241905
6072.0,0.883185,453617.4754697935
6073.0,0.8974270000000001,460982.5899115172
6074.0,0.882958,453599.6009114596
6075.0,0.862957,443372.6778090842
6076.0,0.8729979999999999,448580.19934116816
6077.0,0.891283,458025.31370042363
6078.0,0.894876,459921.43702433404
6079.0,0.8896870000000001,457303.89223224187
6080.0,0.874682,449639.6806603689
6081.0,0.8682709999999999,446392.051511735
6082.0,0.8872969999999999,456222.6186375694
6083.0,0.90233,464001.90829515853
6084.0,0.891244,458350.2648259828
6085.0,0.884225,454789.1364129171
6086.0,0.877425,451339.8176965245
6087.0,0.868419,446754.8144788974
6088.0,0.880734,453138.4286459451
6089.0,0.888094,456973.6968476533
6090.0,0.886015,455952.2930321735
6091.0,0.881718,453789.0655000049
6092.0,0.8780709999999999,451959.8668955509
6093.0,0.881194,453615.2173432119
6094.0,0.885199,455724.91457616066
6095.0,0.897864,462293.85203857993
6096.0,0.90226,464606.0840874043
6097.0,0.8903409999999999,458516.65859515255
6098.0,0.8735850000000001,449934.6081115449
6099.0,0.8567819999999999,441326.4721238282
6100.0,0.861624,443866.91386511165
6101.0,0.8832459999999999,455052.95103080175
6102.0,0.897884,462642.6706415918
6103.0,0.888597,457905.0386558029
6104.0,0.874149,450506.53910616424
6105.0,0.8711180000000001,448990.9676858221
6106.0,0.86993,448425.01952781656
6107.0,0.868608,447789.79523399356
6108.0,0.875022,451142.87968599726
6109.0,0.8837520000000001,455690.7795032612
6110.0,0.879185,453382.4722100779
6111.0,0.8655579999999999,446401.0265743763
6112.0,0.8605659999999999,443871.92399718333
6113.0,0.866017,446729.1790846014
6114.0,0.8797590000000001,453864.23468416266
6115.0,0.8893629999999999,458865.671345777
6116.0,0.879899,454028.9361217475
6117.0,0.856683,442094.36860272597
6118.0,0.838831,432925.6931218367
6119.0,0.825342,426007.0819703802
6120.0,0.796158,410985.0735070165
6121.0,0.782359,403902.6574255641
6122.0,0.824059,425473.6858594878
6123.0,0.884848,456905.9066152903
6124.0,0.902045,465832.6574229471
6125.0,0.90015,464900.6704206409
6126.0,0.907146,468560.81278145866
6127.0,0.909344,469743.08662289364
6128.0,0.912187,471258.73879302124
6129.0,0.925806,478342.31930197607
6130.0,0.93168,481425.1694643457
6131.0,0.917297,474040.15028955834
6132.0,0.8976350000000001,463925.2348587901
6133.0,0.8927579999999999,461450.3320210418
6134.0,0.894337,462312.17872929975
6135.0,0.893503,461926.63422229415
6136.0,0.8975709999999999,464075.4389953281
6137.0,0.900256,465509.45780697104
6138.0,0.8969809999999999,463861.54565502505
6139.0,0.893719,462219.9541546564
6140.0,0.8872700000000001,458929.52532458585
6141.0,0.870231,450160.29167085723
6142.0,0.8641120000000001,447038.6077844338
6143.0,0.8853719999999999,458081.83564522053
6144.0,0.910061,470901.43439660186
6145.0,0.912412,472163.7600955905
6146.0,0.897841,464668.4419551147
6147.0,0.886294,458736.78498978267
6148.0,0.884911,458065.1946630776
6149.0,0.883819,457544.0446266826
6150.0,0.883639,457494.8950215503
6151.0,0.8884879999999999,460049.6209990592
6152.0,0.893611,462746.64754429314
6153.0,0.890702,461284.431421233
6154.0,0.8860620000000001,458925.30644493323
6155.0,0.888824,460399.79718154634
6156.0,0.891639,461901.9473877191
6157.0,0.884458,458225.5156981552
6158.0,0.8730700000000001,452368.5119064192
6159.0,0.873556,452663.2437806648
6160.0,0.8823209999999999,457248.41146474646
6161.0,0.879295,455723.29944975785
6162.0,0.8759520000000001,454033.5116966964
6163.0,0.879811,456076.70410676784
6164.0,0.8761209999999999,454206.583564493
6165.0,0.8684139999999999,450253.3104299907
6166.0,0.8593959999999999,445619.4322706782
6167.0,0.8495739999999999,440567.67755986785
6168.0,0.8608950000000001,446480.1559048867
6169.0,0.8858389999999999,459459.5261532376
6170.0,0.8997629999999999,466724.94490065327
6171.0,0.904048,468991.2316770634
6172.0,0.905228,469646.93675365456
6173.0,0.8996,466770.257424912
6174.0,0.9002190000000001,467134.6124624852
6175.0,0.8966870000000001,465344.7537703055
6176.0,0.886531,460116.5793659562
6177.0,0.8932030000000001,463622.033896188
6178.0,0.902809,468651.10467211605
6179.0,0.894695,464481.66733975575
6180.0,0.8823059999999999,458091.8164032884
6181.0,0.874858,454266.3145884512
6182.0,0.8705200000000001,452055.0408943157
6183.0,0.8706870000000001,452182.91790886066
6184.0,0.876295,455136.7312033848
6185.0,0.876094,455073.60959877865
6186.0,0.8682850000000001,451058.18451856164
6187.0,0.855583,444499.9046141352
6188.0,0.8427180000000001,437855.6759410926
6189.0,0.827523,429999.4569148713
6190.0,0.800296,415889.0943972874
6191.0,0.788619,409857.70759874483
6192.0,0.8156329999999999,423935.2951700419
6193.0,0.8574860000000001,445728.7770441806
6194.0,0.88218,458605.88583396055
6195.0,0.884302,459749.9991413958
6196.0,0.88436,459821.0686224198
6197.0,0.8943959999999999,465080.57586236956
6198.0,0.907514,471943.70439748606
6199.0,0.906885,471658.34740306163
6200.0,0.893291,464629.3498551945
6201.0,0.8877649999999999,461795.83146906574
6202.0,0.8923209999999999,464206.6348164763
6203.0,0.891415,463776.07450559706
6204.0,0.881239,458522.0412164652
6205.0,0.8589680000000001,446973.2485855255
6206.0,0.8286899999999999,431255.468903162
6207.0,0.814387,423849.08862125786
6208.0,0.831844,432972.3335259387
6209.0,0.848477,441668.16975693754
6210.0,0.8568549999999999,446067.99596129084
6211.0,0.8627799999999999,449191.40145865444
6212.0,0.8597790000000001,447667.7065042636
6213.0,0.845125,440075.6952041495
6214.0,0.8189850000000001,426500.76726890105
6215.0,0.8192200000000001,426659.85671349627
6216.0,0.8439469999999999,439575.7352807337
6217.0,0.850126,442832.0751804956
6218.0,0.846726,441098.75727568456
6219.0,0.849967,442824.971724515
6220.0,0.848535,442116.61211118393
6221.0,0.8535860000000001,444786.2195449533
6222.0,0.8613620000000001,448876.27212094795
6223.0,0.8596450000000001,448019.4989465343
6224.0,0.8510530000000001,443579.17510563106
6225.0,0.836931,436255.48212853336
6226.0,0.852457,444385.99035180383
6227.0,0.8805290000000001,459058.5808672415
6228.0,0.8809040000000001,459292.68622478377
6229.0,0.8658170000000001,451464.38146709633
6230.0,0.8535860000000001,445124.0257023748
6231.0,0.8447120000000001,440533.2768619454
6232.0,0.842505,439418.9476242687
6233.0,0.8532719999999999,445071.6770646978
6234.0,0.863237,450306.9138137857
6235.0,0.858633,447942.41042329255
6236.0,0.854617,445884.22437752446
6237.0,0.848593,442777.89490189916
6238.0,0.850671,443898.78324141697
6239.0,0.879288,458869.5590966637
6240.0,0.8943129999999999,466748.9554275419
6241.0,0.876676,457581.619956371
6242.0,0.86395,450976.2183277267
6243.0,0.874318,456425.5659884133
6244.0,0.870985,454722.7314878107
6245.0,0.849418,443499.1886164772
6246.0,0.846025,441763.55192361923
6247.0,0.879758,459414.9869625981
6248.0,0.897541,468739.3506061605
6249.0,0.874152,456561.4001397449
6250.0,0.848714,443311.15020429326
6251.0,0.855771,447033.26494354743
6252.0,0.8810620000000001,460281.6580448714
6253.0,0.886956,463397.9742705243
6254.0,0.87508,457229.88087734516
6255.0,0.8716430000000001,455470.46415603533
6256.0,0.876129,457851.1292542179
6257.0,0.8782840000000001,459013.8617324281
6258.0,0.872834,456201.8224725184
6259.0,0.867109,453245.5202680268
6260.0,0.870057,454822.49121183436
6261.0,0.880857,460504.60013745044
6262.0,0.8890040000000001,464800.4595612621
6263.0,0.8867879999999999,463678.380852388
6264.0,0.8607950000000001,450122.7011452761
6265.0,0.844148,441452.3700073151
6266.0,0.864058,451899.8153178842
6267.0,0.893251,467204.1868716359
6268.0,0.911878,476984.0260836902
6269.0,0.895342,468370.8648145839
6270.0,0.868798,454520.5039049933
6271.0,0.871402,455918.17705946154
6272.0,0.8863049999999999,463751.34055419965
6273.0,0.8964850000000001,469114.18481125636
6274.0,0.885509,463406.38345846214
6275.0,0.859351,449751.9440330374
6276.0,0.8633629999999999,451886.38973055175
6277.0,0.8941129999999999,468016.9038357469
6278.0,0.909725,476225.33573484665
6279.0,0.897282,469747.51955930947
6280.0,0.8614950000000001,451046.5962072273
6281.0,0.835383,437408.6087460281
6282.0,0.8637729999999999,452308.0301007066
6283.0,0.914311,478808.15040355764
6284.0,0.92591,484919.01743173884
6285.0,0.8984139999999999,470554.2941462241
6286.0,0.859726,450324.95599246665
6287.0,0.84391,442073.77044660226
6288.0,0.873309,457508.4784890628
6289.0,0.9149,479333.0460038087
6290.0,0.924147,484213.91986717563
6291.0,0.904992,474212.8925519809
6292.0,0.873921,457965.89129266207
6293.0,0.8525940000000001,446822.9871110993
6294.0,0.8739370000000001,458042.28850603994
6295.0,0.914125,479140.8355911548
6296.0,0.91967,482082.8767500795
6297.0,0.8879799999999999,465505.58227955725
6298.0,0.8561719999999999,448863.9111054014
6299.0,0.849309,445298.56021698186
6300.0,0.8769030000000001,459799.9854138757
6301.0,0.913451,478998.7963675715
6302.0,0.923054,484069.79132096155
6303.0,0.907237,475809.6752335274
6304.0,0.881386,462285.46870263095
6305.0,0.861001,451626.3432737709
6306.0,0.8621620000000001,452268.0834224135
6307.0,0.901283,472824.1304896133
6308.0,0.937523,491871.55807883164
6309.0,0.929404,487647.0267182733
6310.0,0.8901700000000001,467094.97769418306
6311.0,0.8669040000000001,454919.3272449481
6312.0,0.872331,457799.9724711579
6313.0,0.88956,466875.1017442681
6314.0,0.914808,480160.43362714024
6315.0,0.932023,489230.9594209817
6316.0,0.922359,484192.5638487646
6317.0,0.8855270000000001,464890.5234938583
6318.0,0.860556,451812.9977848773
6319.0,0.8656870000000001,454538.960484731
6320.0,0.874449,459171.87228300935
6321.0,0.8826719999999999,463522.31928184046
6322.0,0.890603,467719.9575935996
6323.0,0.8847799999999999,464694.3901375894
6324.0,0.865869,454793.91567886766
6325.0,0.8665790000000001,455198.55520616076
6326.0,0.882123,463395.7619524587
6327.0,0.883286,464038.9054141494
6328.0,0.900776,473260.13774938876
6329.0,0.930207,488756.71029240795
6330.0,0.928253,487763.65820667695
6331.0,0.880883,462904.27573491726
6332.0,0.825256,433702.0528292653
6333.0,0.815353,428527.0313245927
6334.0,0.8301120000000001,436313.79084681725
6335.0,0.843195,443220.5702430162
6336.0,0.855043,449479.01121705014
6337.0,0.8610639999999999,452674.8919390167
6338.0,0.8517469999999999,447807.1651925581
6339.0,0.832835,437893.7870675158
6340.0,0.83814,440712.84697592596
6341.0,0.852045,448054.60049357556
6342.0,0.852657,448406.5774933764
6343.0,0.864382,454603.1800752906
6344.0,0.876376,460942.0310538709
6345.0,0.8625120000000001,453680.3824316905
6346.0,0.819528,431099.58799526247
6347.0,0.7742319999999999,407299.4507625313
6348.0,0.7675109999999999,403790.5489626459
6349.0,0.7836609999999999,412314.4427582683
6350.0,0.794879,418244.31665314996
6351.0,0.818001,430438.89611700835
6352.0,0.8434879999999999,443879.5846258515
6353.0,0.846057,445260.7488462189
6354.0,0.8179649999999999,430504.7779333123
6355.0,0.784913,413136.1338719821
6356.0,0.778352,409709.51270258473
6357.0,0.782459,411898.1808088292
6358.0,0.785173,413353.73011327785
6359.0,0.7987489999999999,420528.07088642224
6360.0,0.8194100000000001,431433.6561984059
6361.0,0.8150689999999999,429175.7498224813
6362.0,0.790462,416245.71134631423
6363.0,0.7927569999999999,417481.05830937735
6364.0,0.813209,428278.94172062766
6365.0,0.8259920000000001,435038.98677611066
6366.0,0.827535,435879.49705182103
6367.0,0.824628,434375.9969593913
6368.0,0.833508,439081.48559726385
6369.0,0.832667,438666.2838487809
6370.0,0.80781,425598.0375018316
6371.0,0.807902,425673.3913101362
6372.0,0.8467100000000001,446148.9519150591
6373.0,0.8596469999999999,452994.20605498104
6374.0,0.824457,434477.96112325886
6375.0,0.80558,424556.6069348564
6376.0,0.8286819999999999,436759.09698845196
6377.0,0.84057,443052.3097578985
6378.0,0.8206540000000001,432581.77114680794
6379.0,0.813141,428648.12430742464
6380.0,0.835541,440483.57389320794
6381.0,0.842936,444409.54473640246
6382.0,0.8264239999999999,435731.00134993176
6383.0,0.809834,427010.1994425842
6384.0,0.813399,428916.2689236534
6385.0,0.8433950000000001,444760.7870710364
6386.0,0.8608709999999999,454004.4072671254
6387.0,0.8299340000000001,437715.58494939085
6388.0,0.79266,418082.3164970785
6389.0,0.807301,425830.4257043218
6390.0,0.852894,449906.7820543563
6391.0,0.866333,457023.53051076893
6392.0,0.8380120000000001,442109.7609911371
6393.0,0.816992,431046.152084616
6394.0,0.83475,440441.7091174797
6395.0,0.8569680000000001,452191.7138295843
6396.0,0.843117,444909.5870319675
6397.0,0.824227,434967.30984883086
6398.0,0.823642,434684.4155494559
6399.0,0.8342459999999999,440306.87108287273
6400.0,0.843266,445093.86133901705
6401.0,0.8482569999999999,447754.636569792
6402.0,0.8386049999999999,442685.8623174262
6403.0,0.816882,431243.9720744476
6404.0,0.8242079999999999,435136.96995113924
6405.0,0.850142,448854.9481113303
6406.0,0.8732549999999999,461084.95695829333
6407.0,0.865028,456767.6165914896
6408.0,0.8320649999999999,439387.4053983724
6409.0,0.826234,436333.50446393434
6410.0,0.836929,442007.06063648936
6411.0,0.8619129999999999,455228.0901207126
6412.0,0.879611,464602.1823301618
6413.0,0.8447979999999999,446239.88361125166
6414.0,0.807118,426360.92266239756
6415.0,0.8190069999999999,432666.0004103671
6416.0,0.859542,454105.74225803826
6417.0,0.892849,471729.0094460908
6418.0,0.8698889999999999,459624.34589878784
6419.0,0.81296,429568.9895116804
6420.0,0.810723,428411.1236082237
6421.0,0.853986,451298.0291046824
6422.0,0.881871,466060.3204305898
6423.0,0.8753350000000001,462632.0174157719
6424.0,0.8343799999999999,441011.12196535035
6425.0,0.799429,422561.34032147477
6426.0,0.813921,430245.428118907
6427.0,0.8664440000000001,458034.9288613187
6428.0,0.8956799999999999,473516.3792285454
6429.0,0.881158,465864.79189718614
6430.0,0.846949,447803.2835570728
6431.0,0.817844,432438.4885441111
6432.0,0.8210709999999999,434168.56716948637
6433.0,0.853075,451116.4019286016
6434.0,0.870843,460537.4453405427
6435.0,0.8728229999999999,461609.65649251017
6436.0,0.867259,458691.9111512823
6437.0,0.85329,451328.1549014103
6438.0,0.83901,443799.03549314174
6439.0,0.8496299999999999,449440.74701623037
6440.0,0.8777510000000001,464341.2517451204
6441.0,0.8898520000000001,470768.0575561988
6442.0,0.868088,459278.56097250956
6443.0,0.824247,436106.8929730737
6444.0,0.7962100000000001,421294.9965589858
6445.0,0.83535,442028.4170304325
6446.0,0.906944,479938.0325216754
6447.0,0.928808,491534.00233144115
6448.0,0.89143,471778.0489822786
6449.0,0.843308,446333.5289918541
6450.0,0.8212719999999999,434693.4128174635
6451.0,0.826996,437745.9573806637
6452.0,0.8538110000000001,451963.2422257966
6453.0,0.8789040000000001,465270.3611041523
6454.0,0.886028,469065.9548054573
6455.0,0.8829809999999999,467477.0408867598
6456.0,0.8679110000000001,459522.22871299967
6457.0,0.8523950000000001,451330.38436953985
6458.0,0.8526299999999999,451477.9836706683
6459.0,0.867082,459153.99741198967
6460.0,0.888049,470280.8588076331
6461.0,0.8958079999999999,474413.92318193
6462.0,0.880609,466388.32329696394
6463.0,0.8463430000000001,448263.0662023863
6464.0,0.820556,434627.01879459154
6465.0,0.822626,435745.4034702258
6466.0,0.840306,445132.8826325618
6467.0,0.870006,460888.88386553124
6468.0,0.897224,475331.4866990321
6469.0,0.887127,470005.73521169706
6470.0,0.851791,451306.9364627656
6471.0,0.835924,442922.04892595776
6472.0,0.860196,455805.3433007825
6473.0,0.8790389999999999,465812.9598935229
6474.0,0.8724540000000001,462346.2454152376
6475.0,0.872532,462410.2764794481
6476.0,0.8821459999999999,467528.2332545479
6477.0,0.8721200000000001,462237.12357418204
6478.0,0.831607,440786.0668118402
6479.0,0.810702,429726.41993012134
6480.0,0.823384,436469.86749266676
6481.0,0.826729,438264.1945124741
6482.0,0.837093,443779.71617717354
6483.0,0.8622989999999999,457164.482761495
6484.0,0.869202,460846.3188212751
6485.0,0.845569,448337.6463248142
6486.0,0.814062,431652.56907686376
6487.0,0.8178489999999999,433681.2145443189
6488.0,0.8408459999999999,445896.9745699593
6489.0,0.84816,449796.81215761893
6490.0,0.8593850000000001,455771.1404522634
6491.0,0.8758360000000001,464517.6878153215
6492.0,0.861067,456706.04791412514
6493.0,0.8067380000000001,427910.1905482491
6494.0,0.762046,404223.4871578562
6495.0,0.771346,409175.64291077614
6496.0,0.798559,423630.9478217479
6497.0,0.799661,424235.15992945735
6498.0,0.800291,424588.9556820295
6499.0,0.7877930000000001,417977.4368791648
6500.0,0.720245,382156.17156956607
6501.0,0.635628,337274.48984093766
6502.0,0.593746,315065.58221260546
6503.0,0.5942810000000001,315363.80622461135
6504.0,0.652253,346143.1719226494
6505.0,0.6956600000000001,369195.4507307536
6506.0,0.675154,358328.80600786576
6507.0,0.638388,338830.97489447606
6508.0,0.6370680000000001,338145.52064153686
6509.0,0.679245,360548.50535957306
6510.0,0.711813,377852.68314955954
6511.0,0.714482,379286.3185725251
6512.0,0.693184,367996.46732458874
6513.0,0.685555,363962.46798453596
6514.0,0.703978,373759.7315020151
6515.0,0.704084,373832.4223556984
6516.0,0.689573,366143.85546023963
6517.0,0.672384,357032.56417367846
6518.0,0.639385,339525.03550103353
6519.0,0.589964,313295.1827425543
6520.0,0.521999,277214.9623907793
6521.0,0.492209,261405.83755864116
6522.0,0.5391239999999999,286334.10313169827
6523.0,0.58921,312948.69484432903
6524.0,0.6081979999999999,323047.65482043865
6525.0,0.6050989999999999,321415.3059436255
6526.0,0.608693,323338.10246050416
6527.0,0.637409,338606.40818422794
6528.0,0.6662819999999999,353959.3680311976
6529.0,0.67909,360778.7580141065
6530.0,0.674851,358541.7700561897
6531.0,0.673741,357967.0252987268
6532.0,0.68802,365568.8961477422
6533.0,0.709803,377158.65529419604
6534.0,0.7300369999999999,387926.22347279167
6535.0,0.7495609999999999,398317.3395354893
6536.0,0.7284689999999999,387124.99669054133
6537.0,0.672017,357139.80178336747
6538.0,0.666539,354243.0665114937
6539.0,0.706214,375344.3306769527
6540.0,0.704535,374467.21487962466
6541.0,0.67177,357066.7972459189
6542.0,0.674204,358375.05152951705
6543.0,0.711778,378362.8865496356
6544.0,0.735101,390776.5141826033
6545.0,0.747581,397426.7662759557
6546.0,0.748147,397743.5623189851
6547.0,0.707955,376390.9577353728
6548.0,0.675647,359228.3755896697
6549.0,0.681802,362515.2255916069
6550.0,0.67479,358801.0980019387
6551.0,0.671651,357146.0748627482
6552.0,0.687846,365772.00918628107
6553.0,0.656079,348893.0919122712
6554.0,0.594884,316362.8282071331
6555.0,0.582507,309792.70233265037
6556.0,0.593172,315476.8501313702
6557.0,0.582387,309752.83548723126
6558.0,0.575376,306035.68650364387
6559.0,0.5914189999999999,314580.83348378027
6560.0,0.629867,335044.46236329037
6561.0,0.67186,357395.3710334177
6562.0,0.690377,367259.422321375
6563.0,0.675668,359448.29190825386
6564.0,0.638663,339774.8401079687
6565.0,0.618913,329280.03410871344
6566.0,0.5941569999999999,316120.9587087833
6567.0,0.5819380000000001,309631.4130681348
6568.0,0.609851,324495.1495485818
6569.0,0.658478,350382.05594523123
6570.0,0.6998840000000001,372428.3357926983
6571.0,0.695394,370052.71997695416
6572.0,0.669433,356250.7075758699
6573.0,0.6812229999999999,362538.2416128117
6574.0,0.694339,369531.8962888755
6575.0,0.6718970000000001,357601.118916497
6576.0,0.667452,355248.2508618811
6577.0,0.670513,356890.34652632836
6578.0,0.659103,350829.8376301925
6579.0,0.666317,354682.4583132503
6580.0,0.67495,359290.6757255643
6581.0,0.673597,358583.2214723527
6582.0,0.682232,363192.88195020624
6583.0,0.6898029999999999,367236.37337274663
6584.0,0.694525,369763.3047984131
6585.0,0.699522,372436.7827972975
6586.0,0.659701,351247.74137967784
6587.0,0.576724,307078.618745198
6588.0,0.5389430000000001,286971.978587316
6589.0,0.554597,295317.5264984099
6590.0,0.573361,305319.717407634
6591.0,0.572418,304828.05030666507
6592.0,0.553589,294811.20705128944
6593.0,0.551122,293507.4453129053
6594.0,0.585146,311637.9937425002
6595.0,0.622219,331393.6325002333
6596.0,0.619492,329952.3851983128
6597.0,0.600661,319933.4363045747
6598.0,0.590681,314628.29046517966
6599.0,0.562987,299887.0114026026
6600.0,0.532634,283728.291460171
6601.0,0.5435800000000001,289568.71676608635
6602.0,0.573184,305349.0642497669
6603.0,0.613046,326595.28250010015
6604.0,0.644035,343115.68445103755
6605.0,0.646081,344216.9682412995
6606.0,0.643223,342705.45934721833
6607.0,0.660651,352002.4235846746
6608.0,0.698548,372206.41797650454
6609.0,0.707901,377202.1192707989
6610.0,0.689954,367650.9369480954
6611.0,0.6743100000000001,359326.32045447425
6612.0,0.678477,361558.3510482991
6613.0,0.687685,366476.89867021714
6614.0,0.6739069999999999,359145.7670861026
6615.0,0.696116,370993.3124187885
6616.0,0.7079300000000001,377301.39419427933
6617.0,0.6512789999999999,347119.28612434707
6618.0,0.6036060000000001,321720.5044000131
6619.0,0.553217,294872.43874048174
6620.0,0.51064,272186.70945395646
6621.0,0.518832,276561.80788209365
6622.0,0.556321,296554.29661077564
6623.0,0.611345,325895.52318896964
6624.0,0.633875,337916.08501456684
6625.0,0.615338,328044.0284226417
6626.0,0.612114,326335.1245780039
6627.0,0.6055010000000001,322819.2533207344
6628.0,0.589522,314309.5555968487
6629.0,0.599076,319412.89201915363
6630.0,0.5937319999999999,316573.0031892149
6631.0,0.593785,316610.6289727784
6632.0,0.6080479999999999,324225.3211469029
6633.0,0.594229,316866.0079868145
6634.0,0.5999329999999999,319916.9527606093
6635.0,0.636407,339376.7548141842
6636.0,0.640556,341599.1946926994
6637.0,0.6445609999999999,343744.9269909655
6638.0,0.669172,356880.2550665951
6639.0,0.683662,364618.446700585
6640.0,0.7086779999999999,377971.0439920927
6641.0,0.720329,384195.975615065
6642.0,0.663071,353666.7462941692
6643.0,0.471003,251229.18870701027
6644.0,0.281837,150333.79063386173
6645.0,0.303098,161679.06856154866
6646.0,0.439831,234621.9496938573
6647.0,0.525085,280107.3082077424
6648.0,0.564244,301005.02846226963
6649.0,0.620092,330807.12246451393
6650.0,0.676369,360839.6794750133
6651.0,0.696446,371560.7767214956
6652.0,0.668837,356840.77383139083
6653.0,0.6590520000000001,351629.7258599069
6654.0,0.671725,358400.8889898515
6655.0,0.596532,318289.95097737387
6656.0,0.429227,229027.57729325906
6657.0,0.278794,148763.25851474213
6658.0,0.238721,127383.843127197
6659.0,0.293016,156360.29075783122
6660.0,0.357841,190957.44427311694
6661.0,0.393317,209894.24097198408
6662.0,0.432602,230864.7286912336
6663.0,0.469197,250400.67714085584
6664.0,0.471509,251641.00839962886
6665.0,0.48226,257385.3233194598
6666.0,0.491255,262192.6886232738
6667.0,0.4895890000000001,261310.1327650749
6668.0,0.495458,264449.2862915044
6669.0,0.48679,259829.28998384386
6670.0,0.5094810000000001,271947.6466862077
6671.0,0.5761729999999999,307553.744358675
6672.0,0.62388,333027.3734583679
6673.0,0.634135,338509.83810896997
6674.0,0.625369,333838.61677080946
6675.0,0.628084,335296.1408692818
6676.0,0.64567,344692.61913650547
6677.0,0.677362,361620.21984147007
6678.0,0.700071,373752.7656782489
6679.0,0.644429,344054.9444851191
6680.0,0.547149,292124.97451628494
6681.0,0.469541,250695.70761168268
6682.0,0.433625,231525.02512225098
6683.0,0.458451,244786.0988259769
6684.0,0.478146,255308.0466961451
6685.0,0.479057,255800.42734709717
6686.0,0.5171939999999999,276170.7010274658
6687.0,0.54714,292167.9609588931
6688.0,0.565421,301936.7715209743
6689.0,0.6010989999999999,320996.26363283297
6690.0,0.601342,321133.31221632834
6691.0,0.5547850000000001,296277.26753044466
6692.0,0.526927,281406.3041007639
6693.0,0.5601659999999999,299164.3328029546
6694.0,0.591663,315992.7585733755
6695.0,0.606591,323972.600018098
6696.0,0.6290020000000001,335949.4198326721
6697.0,0.611051,326368.9457978009
6698.0,0.630855,336953.8087167282
6699.0,0.672346,359122.8564038442
6700.0,0.638709,341163.5371263996
6701.0,0.620851,331631.8696745873
6702.0,0.639687,341700.52926991263
6703.0,0.637704,340648.4917056898
6704.0,0.6161479999999999,329140.6522651757
6705.0,0.6067130000000001,324107.35497310426
6706.0,0.630106,336610.9621234576
6707.0,0.620073,331258.06904250244
6708.0,0.607394,324491.3300970888
6709.0,0.666816,356243.9667816206
6710.0,0.699692,373815.4705939593
6711.0,0.6766300000000001,361501.76262871776
6712.0,0.656668,350843.779670982
6713.0,0.633774,338618.79131679045
6714.0,0.629638,336415.67774526204
6715.0,0.660497,352910.6427687116
6716.0,0.664514,355063.96821501554
6717.0,0.628871,336025.7408653523
6718.0,0.613453,327793.80144428683
6719.0,0.6295649999999999,336409.639682001
6720.0,0.666435,356118.07576818886
6721.0,0.694134,370926.49338416115
6722.0,0.678928,362807.722896756
6723.0,0.675229,360837.86714009364
6724.0,0.696004,371946.8843922082
6725.0,0.703705,376069.3559792766
6726.0,0.709171,378997.5027408286
6727.0,0.69167,369651.38870387635
6728.0,0.667443,356710.22527956177
6729.0,0.6716449999999999,358962.50462014304
6730.0,0.698545,373346.0535720533
6731.0,0.709741,379336.73142651
6732.0,0.701605,374994.983044671
6733.0,0.686423,366887.01289383357
6734.0,0.6688729999999999,357513.0164134692
6735.0,0.6588109999999999,352141.06005854416
6736.0,0.658343,351897.05436344864
6737.0,0.714806,382084.2482796399
6738.0,0.769008,411063.85358785506
6739.0,0.741858,396557.9439476626
6740.0,0.7321,391348.49369828834
6741.0,0.76443,408637.59888276947
6742.0,0.78345,418812.0600518896
6743.0,0.793453,424166.48018386407
6744.0,0.790809,422760.0478713294
6745.0,0.795407,425225.09986684046
6746.0,0.8182729999999999,437456.4296802516
6747.0,0.8056810000000001,430731.621770723
6748.0,0.756598,404497.4856737131
6749.0,0.740613,395957.81901939557
6750.0,0.773628,413615.37982234755
6751.0,0.801287,428409.857174531
6752.0,0.80316,429417.9947905325
6753.0,0.793772,424405.2096716351
6754.0,0.801299,428436.28635857353
6755.0,0.837406,447748.74801562977
6756.0,0.865806,462940.86779737123
6757.0,0.872339,466441.0773570846
6758.0,0.876692,468775.67380292685
6759.0,0.881547,471378.7165402179
6760.0,0.884861,473157.7724759106
6761.0,0.886335,473952.91918961314
6762.0,0.8922329999999999,477113.7318802682
6763.0,0.8859959999999999,473785.4056018621
6764.0,0.847878,453408.35602266307
6765.0,0.831966,444905.64784456475
6766.0,0.864869,462507.5337326292
6767.0,0.8950030000000001,478629.0606972578
6768.0,0.908515,485861.7606631791
6769.0,0.909899,486608.6248446166
6770.0,0.875928,468447.55140992824
6771.0,0.8185819999999999,437784.77755314147
6772.0,0.797064,426282.5101523092
6773.0,0.822794,440049.2072693894
6774.0,0.855294,457437.0229860043
6775.0,0.869043,464796.51577192167
6776.0,0.847126,453080.3984982472
6777.0,0.8163,436598.9390525522
6778.0,0.816421,436669.2561130866
6779.0,0.8258840000000001,441736.233730129
6780.0,0.813394,435061.2577223529
6781.0,0.776121,415130.18099048344
6782.0,0.7599819999999999,406502.8183107216
6783.0,0.781536,418036.85879728635
6784.0,0.807253,431797.91568012396
6785.0,0.826475,442085.05547678395
6786.0,0.8345959999999999,446434.3503491516
6787.0,0.822543,439992.28346862714
6788.0,0.817878,437502.0305219663
6789.0,0.839151,448886.6748356891
6790.0,0.857406,458657.0980251406
6791.0,0.853475,456559.47620277444
6792.0,0.850874,455173.2379601305
6793.0,0.867132,463875.6141904396
6794.0,0.8736520000000001,467368.69568783353
6795.0,0.8622479999999999,461273.0790857728
6796.0,0.856505,458205.75303318875
6797.0,0.85103,455281.68504796235
6798.0,0.8527540000000001,456208.8475363578
6799.0,0.8443139999999999,451698.35646738554
6800.0,0.847606,453464.27372215886
6801.0,0.855261,457564.38254446315
6802.0,0.825939,441881.6400317996
6803.0,0.820903,439191.7980998066
6804.0,0.829651,443876.5146111582
6805.0,0.8103819999999999,433571.58652174624
6806.0,0.801721,428941.96983408165
6807.0,0.775157,414733.5449048685
6808.0,0.7337100000000001,392561.8490096054
6809.0,0.740834,396377.20704940305
6810.0,0.750553,401581.0411936659
6811.0,0.753409,403112.8685596534
6812.0,0.7797810000000001,417227.07517987984
6813.0,0.770321,412169.1677551924
6814.0,0.7379979999999999,394877.9031355858
6815.0,0.736675,394173.4926727611
6816.0,0.724658,387746.92764117685
6817.0,0.706118,377829.8805153368
6818.0,0.720186,385360.67244793626
6819.0,0.730336,390795.0704201208
6820.0,0.7077479999999999,378711.6145757436
6821.0,0.701052,375131.7005338678
6822.0,0.681384,364610.33762263984
6823.0,0.6416,343324.557394701
6824.0,0.663119,354842.31696896395
6825.0,0.6964520000000001,372682.0704278798
6826.0,0.681109,364474.59127899783
6827.0,0.662274,354398.2977241837
6828.0,0.681573,364728.36222264136
6829.0,0.6920850000000001,370356.34232535615
6830.0,0.6878770000000001,368107.17565338186
6831.0,0.726172,388602.95019254
6832.0,0.749513,401096.4493314531
6833.0,0.710467,380203.89841788576
6834.0,0.684563,366343.9629270687
6835.0,0.68092,364396.8577476427
6836.0,0.644492,344904.55819575634
6837.0,0.608359,325569.8391304876
6838.0,0.609885,326388.58275847347
6839.0,0.609099,325969.9951585937
6840.0,0.597262,319637.195312264
6841.0,0.607969,325369.24856592447
6842.0,0.632767,338642.5197947788
6843.0,0.6560520000000001,351106.1848185173
6844.0,0.676779,362200.9587064782
6845.0,0.688192,368311.09405086964
6846.0,0.681305,364627.2912940578
6847.0,0.6710079999999999,359118.40360021923
6848.0,0.649211,347454.67291860405
6849.0,0.623671,333787.5358330039
6850.0,0.658012,352168.58425249666
6851.0,0.716797,383632.2985160048
6852.0,0.760137,406830.02679010684
6853.0,0.780205,417572.5604721787
6854.0,0.777975,416381.01164526073
6855.0,0.785697,420515.85577564564
6856.0,0.753549,403311.62441532017
6857.0,0.626745,335445.5504059447
6858.0,0.446453,238950.956703598
6859.0,0.295429,158120.42680519595
6860.0,0.237327,127023.41465358778
6861.0,0.294297,157515.82933662809
6862.0,0.441845,236488.48775112894
6863.0,0.5840930000000001,312625.00096036
6864.0,0.645084,345270.5805357655
6865.0,0.6526430000000001,349317.66165397654
6866.0,0.6538470000000001,349963.30215439183
6867.0,0.634554,339638.1149504984
6868.0,0.567062,303514.7500317758
6869.0,0.483642,258865.77783052973
6870.0,0.43696,233880.30174972754
6871.0,0.429736,230014.3788196104
6872.0,0.4603100000000001,246379.68734003
6873.0,0.526826,281982.9739956499
6874.0,0.586226,313777.5836949223
6875.0,0.620943,332360.71210285724
6876.0,0.652015,348992.90242617717
6877.0,0.684034,366132.02219310135
6878.0,0.699725,374531.53392544674
6879.0,0.6754680000000001,361548.61844655883
6880.0,0.639916,342519.8775284542
6881.0,0.6498619999999999,347844.22156110575
6882.0,0.6831470000000001,365660.9732093741
6883.0,0.6757350000000001,361694.2542144994
6884.0,0.647439,346549.08642844396
6885.0,0.633063,338854.6851231007
6886.0,0.620617,332193.2840017115
6887.0,0.6128239999999999,328022.41245660896
6888.0,0.616726,330111.4128655661
6889.0,0.646856,346239.3122518591
6890.0,0.674922,361262.4227540989
6891.0,0.6617149999999999,354193.4946078329
6892.0,0.644492,344974.88850812544
6893.0,0.663907,355367.33616249706
6894.0,0.691301,370030.6572001972
6895.0,0.6974670000000001,373331.3018879206
6896.0,0.719979,385381.3949808427
6897.0,0.762594,408191.9441639628
6898.0,0.7777149999999999,416285.80994153634
6899.0,0.771986,413219.3008179882
6900.0,0.791197,423502.33009653806
6901.0,0.7971600000000001,426694.0873844461
6902.0,0.758389,405941.1352004155
6903.0,0.748373,400579.77056222083
6904.0,0.7792560000000001,417110.267181702
6905.0,0.769193,411723.6621182259
6906.0,0.7356010000000001,393742.7309542373
6907.0,0.748016,400387.7820541518
6908.0,0.771887,413164.78874678566
6909.0,0.738514,395300.9986012662
6910.0,0.7270479999999999,389163.25049116765
6911.0,0.786974,421239.0629564677
6912.0,0.787567,421555.96196240245
6913.0,0.714024,382190.5664082425
6914.0,0.709615,379830.05385294015
6915.0,0.780557,417801.9874458534
6916.0,0.802964,429794.8927870565
6917.0,0.783326,419282.7269336006
6918.0,0.8221930000000001,440085.85956413083
6919.0,0.8572,458822.7761395041
6920.0,0.8185439999999999,438130.9752911476
6921.0,0.7981090000000001,427192.10375326464
6922.0,0.821573,439750.35891906486
6923.0,0.8019109999999999,429225.196105413
6924.0,0.770864,412606.2006343647
6925.0,0.7973819999999999,426798.9275876509
6926.0,0.8226469999999999,440320.8721621938
6927.0,0.816516,437038.07297186664
6928.0,0.826583,442425.16145803087
6929.0,0.846723,453203.691149078
6930.0,0.8484809999999999,454143.27998911147
6931.0,0.837844,448448.50499672495
6932.0,0.816405,436972.0662056259
6933.0,0.793233,424568.09226416895
6934.0,0.816839,437201.41650772945
6935.0,0.859181,459862.7511013588
6936.0,0.850282,455098.0601007826
6937.0,0.8240280000000001,441044.4435443495
6938.0,0.8327200000000001,445694.9626323732
6939.0,0.831791,445195.9943156179
6940.0,0.7870229999999999,421233.31661069853
6941.0,0.768016,411058.6313961203
6942.0,0.791567,423661.8484445059
6943.0,0.782134,418611.3225642471
6944.0,0.772804,413615.9264330477
6945.0,0.806077,431422.17569646914
6946.0,0.830017,444233.10851909104
6947.0,0.8542219999999999,457185.7081967923
6948.0,0.886817,474628.5060096793
6949.0,0.882976,472570.4699055967
6950.0,0.8670329999999999,464035.4261149603
6951.0,0.8658100000000001,463378.5158817037
6952.0,0.8470620000000001,453342.29620785173
6953.0,0.82052,439134.85915122565
6954.0,0.835325,447055.9507009058
6955.0,0.877951,469866.29695073795
6956.0,0.902993,483265.70216224215
6957.0,0.895133,479056.44715684163
6958.0,0.867599,464318.14133465564
6959.0,0.856195,458212.29967100814
6960.0,0.8532200000000001,456617.4303714098
6961.0,0.832476,445513.16429038555
6962.0,0.832828,445698.79085960664
6963.0,0.8661200000000001,463512.53259011754
6964.0,0.8939950000000001,478427.06214454194
6965.0,0.8860129999999999,474152.3779703919
6966.0,0.864849,462823.36475946027
6967.0,0.869607,465366.5048486592
6968.0,0.8923530000000001,477535.70244819595
6969.0,0.916067,490222.7018946992
6970.0,0.926811,495968.7805955787
6971.0,0.916544,490471.09345718886
6972.0,0.890742,476660.23628925404
6973.0,0.874123,467763.5687132509
6974.0,0.859993,460198.8975801143
6975.0,0.8330989999999999,445804.08101302374
6976.0,0.804041,430251.4558581345
6977.0,0.813824,435483.1257864431
6978.0,0.875972,468735.34789220203
6979.0,0.925498,495232.9886211928
6980.0,0.937753,501786.64992105856
6981.0,0.935015,500317.5478795536
6982.0,0.917869,491138.901327359
6983.0,0.8909860000000001,476750.2671144761
6984.0,0.8917010000000001,477128.8855428649
6985.0,0.913241,488650.3408912982
6986.0,0.928678,496906.0332970913
6987.0,0.93769,501723.7532349594
6988.0,0.925731,495320.6211031795
6989.0,0.8888719999999999,475594.70349823224
6990.0,0.845269,452260.7153689487
6991.0,0.839024,448915.2986270383
6992.0,0.8678440000000001,464331.0693266914
6993.0,0.8883559999999999,475301.4442513013
6994.0,0.907004,485274.2754215921
6995.0,0.9006280000000001,481858.4109187957
6996.0,0.872741,466933.75270275713
6997.0,0.863276,461865.3749749486
6998.0,0.8820879999999999,471925.51582587976
6999.0,0.908352,485972.2686956261
7000.0,0.902731,482960.2541741207
7001.0,0.885423,473695.7809956521
7002.0,0.886503,474268.81418863515
7003.0,0.906007,484698.3168009954
7004.0,0.921659,493066.8274944596
7005.0,0.915982,490024.70188361563
7006.0,0.91143,487584.4298622822
7007.0,0.921565,493001.13144621876
7008.0,0.93217,498669.100585127
7009.0,0.91576,489885.2439885765
7010.0,0.87979,470638.03278218367
7011.0,0.880065,470780.0140298233
7012.0,0.893407,477911.9025655334
7013.0,0.8673690000000001,463978.2036277868
7014.0,0.845326,452181.7761913445
7015.0,0.87074,465770.982551317
7016.0,0.916217,490091.69393789646
7017.0,0.938115,501799.3553399749
7018.0,0.932696,498894.9575040207
7019.0,0.909734,486607.0162223654
7020.0,0.882074,471806.4358102644
7021.0,0.8759299999999999,468514.56742086005
7022.0,0.893409,477857.9750609381
7023.0,0.8956540000000001,479052.99696518335
7024.0,0.86565,462999.3277930292
7025.0,0.835139,446674.8362743848
7026.0,0.817766,437377.48750958644
7027.0,0.8422719999999999,450478.7941140881
7028.0,0.887553,474690.84578533465
7029.0,0.907532,485370.1221124373
7030.0,0.917974,490948.5286742711
7031.0,0.932178,498538.7046348616
7032.0,0.936259,500714.82073359267
7033.0,0.932328,498606.041544534
7034.0,0.934418,499717.2400094358
7035.0,0.932948,498924.53575006337
7036.0,0.931614,498204.53516068816
7037.0,0.942609,504077.668776863
7038.0,0.953308,509792.30857590865
7039.0,0.949961,507995.5897663007
7040.0,0.915505,489563.4319048237
7041.0,0.859772,459754.0790876354
7042.0,0.824008,440623.57009019493
7043.0,0.816434,436567.4398361935
7044.0,0.813802,435153.95457310724
7045.0,0.806157,431059.9686968593
7046.0,0.800682,428126.361977051
7047.0,0.7884979999999999,421605.53354285564
7048.0,0.770171,411800.2715719804
7049.0,0.77152,412515.59939468384
7050.0,0.780674,417403.9775578687
7051.0,0.77248,413016.83244309627
7052.0,0.745033,398336.0539071743
7053.0,0.694401,371259.8665697026
7054.0,0.615344,328987.3175350109
7055.0,0.510346,272847.1238858126
7056.0,0.403639,215794.9243173208
7057.0,0.328852,175809.3588890812
7058.0,0.284818,152265.773822501
7059.0,0.260581,139306.35422427976
7060.0,0.259656,138809.70178352165
7061.0,0.254083,135828.3127054466
7062.0,0.229382,122621.6712201698
7063.0,0.229404,122631.50002457036
7064.0,0.255445,136549.960656094
7065.0,0.269192,143896.22502544144
7066.0,0.247869,132495.92000804967
7067.0,0.201345,107625.24139856949
7068.0,0.185125,98953.53645547137
7069.0,0.208722,111564.85237383767
7070.0,0.236588,126457.5489387683
7071.0,0.254106,135818.77412256534
7072.0,0.265845,142090.8730825562
7073.0,0.280395,149865.1702355308
7074.0,0.291503,155799.54869379057
7075.0,0.293422,156822.5532059574
7076.0,0.27921,149224.26789415246
7077.0,0.252986,135206.50227921596
7078.0,0.230116,122981.69304316073
7079.0,0.199633,106688.72044752199
7080.0,0.148304,79255.8851452512
7081.0,0.10801,57721.161921592065
7082.0,0.105074,56151.164529953516
7083.0,0.108922,58206.49833201699
7084.0,0.0971718,51926.42673057104
7085.0,0.110647,59126.220495803136
7086.0,0.153781,82174.18425506736
7087.0,0.169156,90388.32402872326
7088.0,0.139577,74581.47242247245
7089.0,0.114701,61288.137703636334
7090.0,0.196945,105231.62292948896
7091.0,0.377483,201692.96730058466
7092.0,0.496171,265104.282864355
7093.0,0.504417,269505.1395130183
7094.0,0.456065,243666.60474188515
7095.0,0.45448,242815.2367603831
7096.0,0.593783,317234.76247164764
7097.0,0.7639060000000001,408117.0566014995
7098.0,0.851709,455017.2224818
7099.0,0.8954129999999999,478356.55423417344
7100.0,0.911328,486849.51659871946
7101.0,0.897075,479226.0742836502
7102.0,0.8786010000000001,469348.0270827088
7103.0,0.8817520000000001,471022.15526318847
7104.0,0.8819600000000001,471124.0884763534
7105.0,0.8602850000000001,459536.77541172307
7106.0,0.8567530000000001,457641.0962036582
7107.0,0.869511,464446.7053540179
7108.0,0.8519549999999999,455060.1918835992
7109.0,0.815541,435601.4669271583
7110.0,0.8085760000000001,431872.6351250558
7111.0,0.8316389999999999,444181.99925016356
7112.0,0.8462049999999999,451952.63441533496
7113.0,0.8398770000000001,448563.7901168615
7114.0,0.8543139999999999,456265.0450017284
7115.0,0.8915770000000001,476156.4186217935
7116.0,0.914883,488593.19877955335
7117.0,0.907555,484669.67507584137
7118.0,0.8684790000000001,463791.9548027589
7119.0,0.841513,449382.00294839276
7120.0,0.8718629999999999,465579.673921519
7121.0,0.910295,486092.36655920354
7122.0,0.923566,493168.60446974495
7123.0,0.923572,493161.3638838011
7124.0,0.911684,486803.15457236284
7125.0,0.90258,481931.6868458241
7126.0,0.88155,470692.6454495072
7127.0,0.8052050000000001,429919.9256363712
7128.0,0.739221,394680.815252071
7129.0,0.747678,399187.46358341066
7130.0,0.762899,407305.12091600837
7131.0,0.749559,400174.25240666827
7132.0,0.774692,413583.15923934284
7133.0,0.818033,436711.89031717746
7134.0,0.804126,429278.0441522093
7135.0,0.763343,407497.21084385616
7136.0,0.766267,409049.0030184555
7137.0,0.7963100000000001,425077.04205907066
7138.0,0.7805979999999999,416680.4654602955
7139.0,0.7416149999999999,395862.5333713161
7140.0,0.779989,416336.53366521304
7141.0,0.818762,437022.53691739996
7142.0,0.772817,412489.4979824871
7143.0,0.7389060000000001,394380.5218208547
7144.0,0.741111,395548.2985019558
7145.0,0.73753,393627.9340623188
7146.0,0.750062,400307.11094891955
7147.0,0.750872,400730.0715756457
7148.0,0.766687,409160.7522778434
7149.0,0.816174,435560.4438398511
7150.0,0.8276030000000001,441649.25384592894
7151.0,0.761117,406159.48333954276
7152.0,0.717391,382816.62719603005
7153.0,0.762742,407007.287096978
7154.0,0.817288,436103.18973970384
7155.0,0.870917,464708.3628180275
7156.0,0.902096,481333.4221757074
7157.0,0.866001,462062.9629576489
7158.0,0.811944,433209.8351364519
7159.0,0.779569,415926.14399098273
7160.0,0.7285149999999999,388677.6313943638
7161.0,0.7119840000000001,379848.692501315
7162.0,0.78,416125.4896696682
7163.0,0.843443,449960.8534619413
7164.0,0.8278629999999999,441638.27610149555
7165.0,0.8086439999999999,431374.83215537417
7166.0,0.85651,456897.768334436
7167.0,0.891669,475641.1205643287
7168.0,0.853834,455447.43340194767
7169.0,0.780166,416141.3631522631
7170.0,0.748067,399009.62916766276
7171.0,0.760281,405514.13150645857
7172.0,0.757008,403758.1147833435
7173.0,0.737226,393197.13018571516
7174.0,0.780714,416380.63906070456
7175.0,0.8631979999999999,460360.24441978236
7176.0,0.8940889999999999,476822.7052539543
7177.0,0.860361,458823.4888808441
7178.0,0.8236620000000001,439240.79777305137
7179.0,0.8271780000000001,441104.3023746688
7180.0,0.8361709999999999,445888.28232308984
7181.0,0.809651,431735.1586203475
7182.0,0.7255050000000001,386855.2859807273
7183.0,0.692883,369450.7558210253
7184.0,0.757116,403689.6065266329
7185.0,0.809951,431849.4226162124
7186.0,0.820543,437485.1927968696
7187.0,0.79555,424148.4385912419
7188.0,0.797683,425274.23394535645
7189.0,0.855632,456156.6994222938
7190.0,0.894201,476705.8241293305
7191.0,0.878915,468544.0354387333
7192.0,0.801858,427453.8147108267
7193.0,0.6993520000000001,372799.83237557946
7194.0,0.6974819999999999,371792.83055970137
7195.0,0.799751,426295.63018225256
7196.0,0.8732690000000001,465470.5171532042
7197.0,0.874566,466148.9738815927
7198.0,0.844669,450201.2226910407
7199.0,0.850108,453087.57473488856
7200.0,0.8881129999999999,473330.1559139214
7201.0,0.903798,481676.1955034327
7202.0,0.894466,476689.3718532419
7203.0,0.855833,456087.79200782115
7204.0,0.772408,411617.5970663775
7205.0,0.659817,351607.70567468746
7206.0,0.607212,323566.0193708387
7207.0,0.6622239999999999,352870.3082052
7208.0,0.737347,392888.8660513834
7209.0,0.762704,406388.4860787165
7210.0,0.748362,398735.24720868375
7211.0,0.7706390000000001,410592.8459979517
7212.0,0.836562,445703.4384472896
7213.0,0.883969,470947.2946263141
7214.0,0.8987200000000001,478792.1944050153
7215.0,0.890848,474584.56720663095
7216.0,0.872078,464571.5852141455
7217.0,0.844593,449916.6490101673
7218.0,0.793092,422469.53174794686
7219.0,0.708924,377623.23162146966
7220.0,0.640026,340913.1917126146
7221.0,0.63461,338018.31250386714
7222.0,0.65083,346647.4208107971
7223.0,0.662728,352974.0554919956
7224.0,0.711963,379185.66305623983
7225.0,0.802949,427631.24365181004
7226.0,0.8546940000000001,455175.69929104275
7227.0,0.8485229999999999,451875.6523798804
7228.0,0.847504,451319.34917484684
7229.0,0.8677860000000001,462106.07012429636
7230.0,0.876709,466843.48246037075
7231.0,0.870957,463766.435685624
7232.0,0.843224,448985.47126729175
7233.0,0.794321,422933.480018015
7234.0,0.7507229999999999,399707.5940110845
7235.0,0.7248479999999999,385919.07312982815
7236.0,0.693449,369190.40755858907
7237.0,0.6388010000000001,340085.42331716535
7238.0,0.624496,332459.38971881993
7239.0,0.6903060000000001,367482.84204935346
7240.0,0.777732,414010.94896885974
7241.0,0.8215180000000001,437305.9089195364
7242.0,0.833518,443679.7555001884
7243.0,0.834724,444307.7231587318
7244.0,0.829627,441580.75275985955
7245.0,0.800005,425800.5511459251
7246.0,0.783064,416770.52837698406
7247.0,0.803549,427659.66880312376
7248.0,0.795371,423293.72930413426
7249.0,0.775317,412607.86862116505
7250.0,0.7961159999999999,423663.09277392965
7251.0,0.838823,446375.8137918034
7252.0,0.8449559999999999,449624.97666397324
7253.0,0.7992520000000001,425290.85005461564
7254.0,0.741955,394789.6977314742
7255.0,0.743398,395544.6687850738
7256.0,0.800601,425967.18266183545
7257.0,0.8282889999999999,440684.4615359778
7258.0,0.811159,431556.46784443455
7259.0,0.808872,430325.6169699784
7260.0,0.831656,442432.3217920647
7261.0,0.848993,451640.54123290256
7262.0,0.8658030000000001,460567.7755466876
7263.0,0.8691450000000001,462330.2555694289
7264.0,0.86387,459509.0326993316
7265.0,0.8785219999999999,467287.16028452804
7266.0,0.880268,468200.2392131716
7267.0,0.8653489999999999,460249.6722442859
7268.0,0.87003,462723.82286186045
7269.0,0.874613,465145.649751587
7270.0,0.8486790000000001,451337.95827334904
7271.0,0.811129,431353.8375315891
7272.0,0.782687,416214.4517152645
7273.0,0.771781,410400.9717538091
7274.0,0.7816489999999999,415634.2246372664
7275.0,0.803982,427495.00287762826
7276.0,0.8376540000000001,445383.92703102995
7277.0,0.876605,466078.35918047826
7278.0,0.901217,479147.75366454973
7279.0,0.911423,484557.2722813435
7280.0,0.918106,488093.4428483081
7281.0,0.920618,489411.9735523458
7282.0,0.913644,485687.67202678515
7283.0,0.8983260000000001,477528.12286238157
7284.0,0.8948299999999999,475653.1692660357
7285.0,0.893114,474724.4458651551
7286.0,0.8584360000000001,456275.7905220993
7287.0,0.807545,429211.1607508625
7288.0,0.7742600000000001,411505.67792731477
7289.0,0.765458,406813.23628956627
7290.0,0.771722,410127.8436157898
7291.0,0.777229,413039.89339055796
7292.0,0.771807,410143.9515757802
7293.0,0.754941,401166.9718369562
7294.0,0.737734,392009.4013128419
7295.0,0.73485,390462.98672976583
7296.0,0.750193,398601.23156683415
7297.0,0.752201,399653.80824509537
7298.0,0.73798,392083.9158897414
7299.0,0.7453270000000001,395973.06003233104
7300.0,0.77471,411568.6284549513
7301.0,0.795618,422660.8118461469
7302.0,0.799971,424957.86642732506
7303.0,0.799771,424836.1784335755
7304.0,0.802191,426106.1509443714
7305.0,0.799589,424708.5180762558
7306.0,0.783251,416015.2263180115
7307.0,0.767088,407415.48364812444
7308.0,0.777208,412775.24318144773
7309.0,0.786977,417948.1656085085
7310.0,0.762726,405053.9798377459
7311.0,0.722212,383524.38972635975
7312.0,0.689488,366133.02134116687
7313.0,0.6693899999999999,355447.343771515
7314.0,0.6552100000000001,347904.78434376034
7315.0,0.628698,333814.9320045423
7316.0,0.590192,313357.98151945445
7317.0,0.561793,298268.571238961
7318.0,0.5308430000000001,281825.93623497954
7319.0,0.490637,260470.66483256005
7320.0,0.458109,243192.94433828266
7321.0,0.44869,238183.74929734875
7322.0,0.4249310000000001,225562.91989311206
7323.0,0.363047,192706.1905373459
7324.0,0.302595,160612.02160047283
7325.0,0.256594,136190.32324665313
7326.0,0.22962800000000005,121873.14415985874
7327.0,0.221989,117814.30111484056
7328.0,0.217181,115258.17402865506
7329.0,0.208281,110530.68881212712
7330.0,0.184318,97810.22395391726
7331.0,0.16786800000000002,89077.42776133839
7332.0,0.170475,90457.30900630026
7333.0,0.184139,97703.90554794938
7334.0,0.196254,104128.06696310715
7335.0,0.205639,109103.29913992925
7336.0,0.21600100000000005,114596.46966992017
7337.0,0.213432,113229.09960183923
7338.0,0.197925,104998.27936760812
7339.0,0.194269,103054.74858197833
7340.0,0.213781,113400.91232404075
7341.0,0.235332,124827.80587419202
7342.0,0.22369,118647.82834866238
7343.0,0.18747,99432.38176075912
7344.0,0.164503,87247.43955531753
7345.0,0.141192,74881.01618093648
7346.0,0.115022,60999.36182546528
7347.0,0.108584,57582.81819984342
7348.0,0.10019,53129.30395967011
7349.0,0.0761462,40377.61109236216
7350.0,0.082682,43841.556132000325
7351.0,0.128092,67917.16706131236
7352.0,0.146367,77603.84895713798
7353.0,0.118061,62593.47291852853
7354.0,0.12460999999999997,66062.9486549245
7355.0,0.199636,105834.27789853505
7356.0,0.218054,115593.64244814793
7357.0,0.150535,79797.5842636986
7358.0,0.102906,54547.55474342151
7359.0,0.0905133,47976.5801243579
7360.0,0.0922703,48905.88092102035
7361.0,0.13802,73151.52899896847
7362.0,0.251541,133312.95841495768
7363.0,0.31187600000000004,165282.81582111577
7364.0,0.238021,126137.19062523292
7365.0,0.142586,75559.11487728085
7366.0,0.09555,50631.72587862213
7367.0,0.060127199999999985,31859.94712100241
7368.0,0.0158542,8400.40839218724
7369.0,-0.0160444,-8500.83353981042
7370.0,-0.0206241,-10926.849649756781
7371.0,0.00900339,4769.885141208014
7372.0,0.0825468,43730.451783322926
7373.0,0.191514,101453.27693998985
7374.0,0.299965,158897.8178637417
7375.0,0.362231,191873.38059036387
7376.0,0.339619,179888.26028866266
7377.0,0.25960700000000003,137501.97569837546
7378.0,0.192009,101694.1075501749
7379.0,0.139466,73862.52998257514
7380.0,0.07111369999999999,37660.90107406149
7381.0,0.0165387,8758.311050387341
7382.0,0.0512134,27119.65345369537
7383.0,0.237888,125966.35405463667
7384.0,0.517204,273857.95702752826
7385.0,0.713479,377768.82514484896
7386.0,0.764223,404619.1403735796
7387.0,0.759602,402155.2882724165
7388.0,0.7003,370743.15643883485
7389.0,0.574367,304060.3533268397
7390.0,0.5360550000000001,283766.3758386395
7391.0,0.612336,324132.52213894035
7392.0,0.667446,353289.0286284224
7393.0,0.678413,359078.4524236822
7394.0,0.6711060000000001,355195.4871962498
7395.0,0.612491,324158.2885575325
7396.0,0.614471,325192.0194297153
7397.0,0.6497470000000001,343845.86540805514
7398.0,0.662774,350724.40693938325
7399.0,0.710809,376126.9172058308
7400.0,0.713363,377461.80611309013
7401.0,0.6181409999999999,327062.6026273457
7402.0,0.551657,291872.6107961398
7403.0,0.649496,343622.4493250628
7404.0,0.7658560000000001,405165.9810759322
7405.0,0.739526,391219.1229897702
7406.0,0.687268,363557.82079195307
7407.0,0.7027720000000001,371742.76620201295
7408.0,0.724735,383343.397025167
7409.0,0.7119840000000001,376582.06133330474
7410.0,0.64062,338821.1384243313
7411.0,0.66091,349536.7989584243
7412.0,0.775638,410194.85067239427
7413.0,0.782046,413565.15263138973
7414.0,0.701181,370785.08626956254
7415.0,0.6689890000000001,353746.0035443935
7416.0,0.728247,385062.9060170656
7417.0,0.82765,437602.7890350557
7418.0,0.860384,454889.6305561371
7419.0,0.776628,410588.7756826068
7420.0,0.6009939999999999,317719.92365927546
7421.0,0.5113840000000001,270334.6416770025
7422.0,0.622437,329025.9761000036
7423.0,0.7813329999999999,413001.03510990884
7424.0,0.868445,459026.1707597341
7425.0,0.8911129999999999,470986.0347396362
7426.0,0.85865,453807.33919987676
7427.0,0.75479,398897.704146627
7428.0,0.659586,348567.469683948
7429.0,0.6663140000000001,352106.7548599072
7430.0,0.666222,352041.8944910512
7431.0,0.5881390000000001,310767.2805361825
7432.0,0.45002,237775.45461182346
7433.0,0.308766,163134.02121821616
7434.0,0.268829,142027.03441555172
7435.0,0.352743,186351.59177158843
7436.0,0.518684,274004.26449244266
7437.0,0.699662,369591.94185287657
7438.0,0.806289,425897.0631697708
7439.0,0.845717,446702.76718280255
7440.0,0.854456,451297.49787895137
7441.0,0.8458110000000001,446710.4977147661
7442.0,0.802032,423568.93556840677
7443.0,0.69557,367326.9487685636
7444.0,0.635193,335426.3402477781
7445.0,0.698281,368723.79510886926
7446.0,0.762596,402665.9536665957
7447.0,0.787995,416057.41372780496
7448.0,0.812063,428744.84394048137
7449.0,0.8371959999999999,441993.2974963687
7450.0,0.845982,446610.5537733157
7451.0,0.804689,424790.9069581369
7452.0,0.7137680000000001,376776.21319250914
7453.0,0.702704,370918.12306333677
7454.0,0.809914,427487.8015750297
7455.0,0.8845069999999999,466836.9849738399
7456.0,0.8898159999999999,469616.4713502026
7457.0,0.885178,467146.1986529011
7458.0,0.8889370000000001,469107.3702631567
7459.0,0.8912,470278.8904534653
7460.0,0.865944,456929.4147596375
7461.0,0.776423,409672.367503911
7462.0,0.6744979999999999,355875.3314985237
7463.0,0.6785,357969.46082476334
7464.0,0.761046,401500.3320571298
7465.0,0.792315,417976.3633539017
7466.0,0.722176,380956.78136905364
7467.0,0.5646359999999999,297837.92838036583
7468.0,0.400102,211038.1200949933
7469.0,0.385776,203471.74544695145
7470.0,0.515157,271698.4722993584
7471.0,0.615736,324728.7881055947
7472.0,0.646266,340813.0196005216
7473.0,0.672825,354801.6089326253
7474.0,0.703507,370962.87081990653
7475.0,0.768698,405318.3823411228
7476.0,0.852299,449377.1916698883
7477.0,0.8960540000000001,472423.72085187427
7478.0,0.909948,479725.18872971035
7479.0,0.920505,485266.71404527087
7480.0,0.922147,486108.1254845409
7481.0,0.874132,460774.12440199323
7482.0,0.781705,412033.2487967975
7483.0,0.755865,398393.1722674455
7484.0,0.8214379999999999,432932.99633702
7485.0,0.836617,440910.8623281899
7486.0,0.7517739999999999,396177.3101689567
7487.0,0.705947,372008.2296026718
7488.0,0.78441,413334.535920641
7489.0,0.872474,459715.5105382677
7490.0,0.905289,476981.97343490407
7491.0,0.91623,482722.18524666695
7492.0,0.907869,478292.9015070293
7493.0,0.8581479999999999,452075.43546426465
7494.0,0.79598,419303.80693122407
7495.0,0.807221,425203.67110500217
7496.0,0.8691959999999999,457825.6765920141
7497.0,0.8893909999999999,468438.9504008013
7498.0,0.858842,452325.79420173
7499.0,0.785918,413897.77843805205
7500.0,0.6741189999999999,355001.49063173897
7501.0,0.62226,327674.9270761131
7502.0,0.716709,377391.2894495439
7503.0,0.846073,445486.45727484656
7504.0,0.8870889999999999,467058.72488997545
7505.0,0.8385030000000001,441455.07157756574
7506.0,0.7736930000000001,407312.8587332382
7507.0,0.782453,411903.2758791173
7508.0,0.8558129999999999,450498.51836440683
7509.0,0.903942,475808.8595304755
7510.0,0.914601,481394.4410008209
7511.0,0.9115,479737.29430378735
7512.0,0.895863,471482.72753822093
7513.0,0.877158,461614.4165328532
7514.0,0.840174,442128.0715562453
7515.0,0.757972,398849.7291921494
7516.0,0.647351,340622.410285386
7517.0,0.5804590000000001,305409.2376686319
7518.0,0.613216,322627.4325396621
7519.0,0.680042,357767.35805261356
7520.0,0.739681,389122.7069146496
7521.0,0.8196260000000001,431156.5025327329
7522.0,0.8851540000000001,465602.3054784215
7523.0,0.8986719999999999,472687.95724456885
7524.0,0.847651,445828.0782944675
7525.0,0.747536,393151.0418992612
7526.0,0.6874,361504.5736735274
7527.0,0.708179,372412.48496369726
7528.0,0.75603,397554.89554746356
7529.0,0.786077,413332.9469823427
7530.0,0.770353,405043.38265110453
7531.0,0.7475350000000001,393024.9237209521
7532.0,0.730703,384154.7594962538
7533.0,0.657291,345541.13093515165
7534.0,0.56371,296329.2420024311
7535.0,0.545914,286958.8868586773
7536.0,0.599558,315139.82894879254
7537.0,0.658404,346051.84478964267
7538.0,0.703699,369838.5920036625
7539.0,0.699952,367849.446386994
7540.0,0.6729510000000001,353640.35291674215
7541.0,0.724214,380558.81210769154
7542.0,0.790488,415361.856867237
7543.0,0.7823359999999999,411056.0833141758
7544.0,0.75898,398762.67445692385
7545.0,0.7446149999999999,391194.12360464886
7546.0,0.704408,370050.64417599613
7547.0,0.654748,343943.715558711
7548.0,0.647492,340113.51363216236
7549.0,0.681003,357696.5563109804
7550.0,0.719066,377668.4544495324
7551.0,0.756261,397182.2704475498
7552.0,0.7649779999999999,401738.3185903096
7553.0,0.75766,397873.3076633049
7554.0,0.763519,400928.00794582436
7555.0,0.757279,397629.4418131891
7556.0,0.74229,389737.56939972995
7557.0,0.729118,382800.4988578185
7558.0,0.713307,374478.7200717042
7559.0,0.732867,384726.2124236311
7560.0,0.802301,421152.96914609254
7561.0,0.864031,453531.80745053955
7562.0,0.870792,457055.26882173214
7563.0,0.8296450000000001,435434.0857440177
7564.0,0.7571,397337.1495452138
7565.0,0.650166,341197.58908298216
7566.0,0.5647260000000001,296343.37721771444
7567.0,0.61871,324653.65162418224
7568.0,0.757131,397264.60178645735
7569.0,0.8444959999999999,443079.94369920244
7570.0,0.868517,455657.4161515971
7571.0,0.8590959999999999,450689.4700656713
7572.0,0.841015,441179.19227655884
7573.0,0.804962,422242.74273514067
7574.0,0.733408,384687.4016066161
7575.0,0.705128,369833.0823598619
7576.0,0.765891,401680.0008042644
7577.0,0.818185,429081.87830211484
7578.0,0.838094,439497.87397422007
7579.0,0.865539,453864.3236122988
7580.0,0.879466,461141.05308659945
7581.0,0.8653219999999999,453698.9523988597
7582.0,0.809396,424352.09810914326
7583.0,0.698037,365947.66695111775
7584.0,0.577151,302555.6041867899
7585.0,0.581966,305062.301464087
7586.0,0.728184,381686.8631262595
7587.0,0.855807,448556.3781218246
7588.0,0.910093,476982.08531827846
7589.0,0.920325,482317.0071731841
7590.0,0.907179,475400.2196084655
7591.0,0.8963909999999999,469719.81474486674
7592.0,0.8784870000000001,460311.37487535755
7593.0,0.841248,440773.379732714
7594.0,0.779004,408136.9515314996
7595.0,0.693423,363278.21721533
7596.0,0.6465920000000001,338724.25720554
7597.0,0.6895319999999999,361197.9075446594
7598.0,0.7896920000000001,413640.76896426734
7599.0,0.8491,444732.84892772784
7600.0,0.830627,435031.9477302671
7601.0,0.775135,405944.9711476564
7602.0,0.723012,378625.62702446023
7603.0,0.6874899999999999,360002.5176426385
7604.0,0.643985,337201.5229788647
7605.0,0.6226510000000001,326011.6049329655
7606.0,0.652501,341620.6513579759
7607.0,0.690016,361240.6639777013
7608.0,0.702964,367997.6641280916
7609.0,0.6737810000000001,352699.8014037534
7610.0,0.670169,350788.41201048833
7611.0,0.727004,380515.2996694817
7612.0,0.775378,405810.4142540715
7613.0,0.801582,419500.06391433143
7614.0,0.809233,423479.11051572283
7615.0,0.8064,421971.60728149244
7616.0,0.798665,417899.294703233
7617.0,0.772285,404072.06834626506
7618.0,0.716173,374691.112149241
7619.0,0.6360239999999999,332738.5648722562
7620.0,0.600391,314078.3260238488
7621.0,0.612322,320300.62596914213
7622.0,0.6195430000000001,324058.5462906015
7623.0,0.604625,316236.6477353864
7624.0,0.572916,299633.99977694236
7625.0,0.5464899999999999,285796.1502759346
7626.0,0.531805,278099.7234813759
7627.0,0.540392,282573.2253788552
7628.0,0.55552,290466.28155022743
7629.0,0.566624,296254.4557138375
7630.0,0.571411,298739.32305214606
7631.0,0.574145,300150.6063407611
7632.0,0.548451,286701.0502481437
7633.0,0.509724,266440.5480329277
7634.0,0.479661,250711.00636841138
7635.0,0.478617,250150.1911787
7636.0,0.497373,259937.31180145568
7637.0,0.499121,260835.03822854167
7638.0,0.480111,250885.39793077396
7639.0,0.471733,246492.43774613782
7640.0,0.482571,252140.23039015394
7641.0,0.473407,247337.0386848627
7642.0,0.441018,230400.98104998373
7643.0,0.417888,218303.85622433037
7644.0,0.40903,213663.40218618646
7645.0,0.406759,212464.11558135034
7646.0,0.423175,221025.22169250122
7647.0,0.435199,227291.45323733223
7648.0,0.407462,212792.1905820419
7649.0,0.351979,183805.56396720608
7650.0,0.31595500000000004,164983.46958578785
7651.0,0.322534,168408.48683305242
7652.0,0.350568,183034.93302247024
7653.0,0.3707,193534.10747647483
7654.0,0.374135,195315.3840123081
7655.0,0.380241,198490.72357531075
7656.0,0.382953,199894.0544291696
7657.0,0.378997,197816.84638100985
7658.0,0.406788,212309.14798753458
7659.0,0.460123,240130.63075531137
7660.0,0.470823,245699.51848815713
7661.0,0.448115,233834.7784546696
7662.0,0.434637,226787.58547842273
7663.0,0.42947,224077.54962275995
7664.0,0.418828,218511.4131991061
7665.0,0.405233,211405.4103936162
7666.0,0.371226,193652.24047311136
7667.0,0.319154,166478.15377692698
7668.0,0.335409,174946.17909414144
7669.0,0.407946,212767.45154580695
7670.0,0.472648,246497.81378513205
7671.0,0.514821,268475.2204956819
7672.0,0.487846,254391.9596656878
7673.0,0.435491,227076.6439914711
7674.0,0.441618,230256.9098698861
7675.0,0.473259,246738.76213979902
7676.0,0.480081,250279.67638216124
7677.0,0.456045,237734.00316800922
7678.0,0.398719,207837.08703869817
7679.0,0.33875,176566.3348125557
7680.0,0.299172,155927.24209976985
7681.0,0.32708000000000004,170461.95644651738
7682.0,0.396689,206726.44503291097
7683.0,0.4200060000000001,218863.70362286465
7684.0,0.433192,225720.5087166726
7685.0,0.437475,227937.69273561094
7686.0,0.377933,196901.94696670995
7687.0,0.311081,162061.90574999707
7688.0,0.273148,142291.09193032276
7689.0,0.262759,136870.38588655138
7690.0,0.324239,168884.3158991357
7691.0,0.402386,209574.80871752926
7692.0,0.39287,204605.45300828404
7693.0,0.345147,179739.91553002485
7694.0,0.29804400000000003,155200.4153611189
7695.0,0.238936,124413.10317243512
7696.0,0.21447,111666.54922920898
7697.0,0.278459,144973.88773356107
7698.0,0.381033,198364.09774177198
7699.0,0.445525,231923.35624678465
7700.0,0.471841,245606.57201832396
7701.0,0.467594,243380.12500615366
7702.0,0.462512,240719.36527802295
7703.0,0.456258,237448.9939340278
7704.0,0.416767,216882.7216705114
7705.0,0.349072,181642.8916136869
7706.0,0.304693,158539.54368317773
7707.0,0.301635,156938.16379917256
7708.0,0.350963,182591.20171517544
7709.0,0.408031,212267.4119335297
7710.0,0.389237,202477.09731358098
7711.0,0.328674,170961.6642500445
7712.0,0.28588800000000003,148696.54671334758
7713.0,0.243233,126502.46694639817
7714.0,0.184964,96191.17330910679
7715.0,0.177812,92465.67996280386
7716.0,0.308252,160286.46981676217
7717.0,0.4984560000000001,259172.68130032154
7718.0,0.62751,326252.952307106
7719.0,0.730839,379950.3877906044
7720.0,0.8205120000000001,426541.6703194033
7721.0,0.8194299999999999,425951.06819187716
7722.0,0.75736,393660.2032634917
7723.0,0.693396,360389.1847887602
7724.0,0.674744,350671.67733767524
7725.0,0.7041609999999999,365935.7517775307
7726.0,0.712498,370243.7287347208
7727.0,0.714845,371438.6614821014
7728.0,0.753067,391273.08254536457
7729.0,0.756085,392815.0178701345
7730.0,0.680133,353331.5244092202
7731.0,0.618855,321475.9554458229
7732.0,0.64255,333762.5033841047
7733.0,0.734975,381745.7236476159
7734.0,0.823098,427488.1994194453
7735.0,0.779891,405020.90186699276
7736.0,0.586317,304471.699064831
7737.0,0.456275,236925.60996060935
7738.0,0.493685,256333.948851118
7739.0,0.583105,302742.7815365052
7740.0,0.6542720000000001,339669.2048695876
7741.0,0.663542,344458.6052458175
7742.0,0.547944,284430.09840749926
7743.0,0.4435850000000001,230243.27563181607
7744.0,0.529332,274731.81384970516
7745.0,0.703711,365212.6547208476
7746.0,0.772944,401116.156323778
7747.0,0.668317,346796.9371212995
7748.0,0.490331,254420.844159008
7749.0,0.423139,219541.66805677713
7750.0,0.537161,278681.9992131742
7751.0,0.687326,356564.19374449825
7752.0,0.703515,364937.7617364204
7753.0,0.593681,307942.0890390514
7754.0,0.494713,256589.95865050994
7755.0,0.475768,246747.0492027971
7756.0,0.584519,303127.7885075333
7757.0,0.735061,381171.8778711456
7758.0,0.7088979999999999,367579.7239234032
7759.0,0.60751,314986.1992188603
7760.0,0.608649,315555.1554370705
7761.0,0.590454,306100.9529660885
7762.0,0.5533359999999999,286838.70807377656
7763.0,0.558377,289431.99940522655
7764.0,0.515452,267163.6808868612
7765.0,0.513683,266228.48552762996
7766.0,0.566609,293638.4408321171
7767.0,0.537361,278461.82826404955
7768.0,0.513496,266076.58076228714
7769.0,0.521727,270322.95825712837
7770.0,0.471529,244296.94334569562
7771.0,0.457413,236967.12985724694
7772.0,0.502282,260193.93743078693
7773.0,0.48569,251581.4680004131
7774.0,0.402675,208566.25974587444
7775.0,0.383388,198562.74815084995
7776.0,0.447766,231889.03885570483
7777.0,0.548659,284119.75780935126
7778.0,0.602046,311744.21150799573
7779.0,0.4983260000000001,258019.20823909083
7780.0,0.360047,186409.23745743494
7781.0,0.416234,215484.23459088308
7782.0,0.573807,297039.00415302796
7783.0,0.653619,338331.13788928144
7784.0,0.589136,304931.64709662116
7785.0,0.41499,214780.16908804045
7786.0,0.331783,171703.94053448638
7787.0,0.4340729999999999,224625.19295458723
7788.0,0.546259,282659.6567566015
7789.0,0.534415,276511.60734459484
7790.0,0.511367,264567.7505346505
7791.0,0.52762,272957.4228278759
7792.0,0.5766720000000001,298312.8431289858
7793.0,0.626157,323888.6482224169
7794.0,0.588322,304296.49518677214
7795.0,0.509189,263348.1202439743
7796.0,0.423684,219110.20014365463
7797.0,0.314512,162639.8811894997
7798.0,0.269718,139466.21951711437
7799.0,0.235737,121886.63696955518
7800.0,0.190314,98393.92771548353
7801.0,0.200434,103618.70144001924
7802.0,0.212448,109821.80174097265
7803.0,0.186844,96579.3356144492
7804.0,0.165098,85332.79745991294
7805.0,0.17431300000000002,90089.26344276863
7806.0,0.214641,110923.86757675973
7807.0,0.22177800000000006,114604.01140386431
7808.0,0.160509,82937.27374743146
7809.0,0.102361,52887.60133006498
7810.0,0.0772106,39890.11017675758
7811.0,0.0716966,37038.70566706494
7812.0,0.0974761,50352.877230006205
7813.0,0.178904,92409.17183456918
7814.0,0.32055300000000003,165563.16790043362
7815.0,0.5119630000000001,264405.9877096176
7816.0,0.685684,354099.6757911184
7817.0,0.754386,389550.6297035119
7818.0,0.753564,389098.1667693925
7819.0,0.7670899999999999,396053.7125010662
7820.0,0.75368,389101.9953709398
7821.0,0.666641,344141.5904163779
7822.0,0.520435,268645.94226035575
7823.0,0.342525,176796.91677392274
7824.0,0.247622,127802.76085189429
7825.0,0.284991,147079.01920268277
7826.0,0.36974,190802.72030659247
7827.0,0.42061,217038.22998024212
7828.0,0.419649,216526.6375759001
7829.0,0.420012,216698.20126871156
7830.0,0.46112,237889.903315987
7831.0,0.510456,263322.9918904431
7832.0,0.503794,259867.42948775712
7833.0,0.4551,234732.9524341891
7834.0,0.4315,222544.24423116332
7835.0,0.478337,246682.22489114135
7836.0,0.530137,273375.938492101
7837.0,0.480287,247651.67318094298
7838.0,0.392402,202320.49808871586
7839.0,0.38146,196664.46305391326
7840.0,0.437295,225434.08742791612
7841.0,0.460934,237603.03300322668
7842.0,0.439949,226769.01169555876
7843.0,0.4289689999999999,221093.2033434854
7844.0,0.4879020000000001,251449.14761254206
7845.0,0.556705,286886.92243222194
7846.0,0.525705,270891.74596991215
7847.0,0.462792,238455.5951857768
7848.0,0.463816,238965.59869878262
7849.0,0.532172,274163.50150516746
7850.0,0.5193300000000001,267527.8271053406
7851.0,0.404993,208612.8115069235
7852.0,0.303632,156389.96504211478
7853.0,0.272057,140116.4433142434
7854.0,0.276337,142310.21372033353
7855.0,0.268176,138097.16032574556
7856.0,0.276683,142467.2684212453
7857.0,0.31913800000000003,164315.63793823446
7858.0,0.333838,171871.50487542377
7859.0,0.313673,161477.8482245316
7860.0,0.340283,175163.55472716843
7861.0,0.394463,203038.04654656505
7862.0,0.360454,185519.1018674045
7863.0,0.279173,143674.53592150053
7864.0,0.286911,147645.82441842832
7865.0,0.356184,183280.36125911243
7866.0,0.35988200000000004,185169.383688593
7867.0,0.339138,174482.9581734093
7868.0,0.384512,197812.5944718592
7869.0,0.393403,202371.41283023928
7870.0,0.320596,164906.21579658063
7871.0,0.27573200000000003,141818.7007455315
7872.0,0.29789,153203.83469926906
7873.0,0.345239,177541.92173977286
7874.0,0.371721,191146.1228410991
7875.0,0.377827,194271.320218551
7876.0,0.372898,191722.47898925442
7877.0,0.369333,189875.24649205236
7878.0,0.382412,196584.36731156378
7879.0,0.391408,201193.6967964118
7880.0,0.368058,189176.90454688092
7881.0,0.347182,178433.42399120945
7882.0,0.364839,187494.00934852255
7883.0,0.415984,213761.688813423
7884.0,0.451153,231816.41000541387
7885.0,0.430443,221158.19261767963
7886.0,0.41519,213305.12918476755
7887.0,0.429416,220597.02066927613
7888.0,0.457076,234788.49954559217
7889.0,0.446517,229347.1552014371
7890.0,0.41423,212747.19388485255
7891.0,0.409847,210480.06039492186
7892.0,0.411164,211140.31467411877
7893.0,0.407086,209030.23416487896
7894.0,0.406436,208680.53531491404
7895.0,0.415189,213158.38499648726
7896.0,0.436022,223836.9446131748
7897.0,0.467251,239850.35484679765
7898.0,0.474519,243562.52464070197
7899.0,0.454121,233074.71199406608
7900.0,0.467645,239997.40812883238
7901.0,0.525459,269647.0989258874
7902.0,0.55129,282880.9281631014
7903.0,0.513026,263226.4586030389
7904.0,0.4834560000000001,248035.42203366247
7905.0,0.489001,250860.9499308123
7906.0,0.5051180000000001,259109.11940544329
7907.0,0.5368,275339.72490710195
7908.0,0.5647439999999999,289650.63283992186
7909.0,0.572207,293455.6578555099
7910.0,0.5991,307223.9584608623
7911.0,0.658297,337554.61705582496
7912.0,0.689761,353661.0264878155
7913.0,0.663537,340188.85361637734
7914.0,0.6352720000000001,325672.4274209301
7915.0,0.610467,312931.8643690991
7916.0,0.594018,304476.3005007511
7917.0,0.606166,310678.88025776146
7918.0,0.640446,328222.93195061904
7919.0,0.703526,360522.83357245213
7920.0,0.7352989999999999,376775.62176765676
7921.0,0.700872,359106.8603471543
7922.0,0.710906,364219.6049904025
7923.0,0.784304,401792.37679089484
7924.0,0.805053,412389.7235372524
7925.0,0.761777,390191.040099245
7926.0,0.725274,371464.73979285226
7927.0,0.715011,366179.6763402854
7928.0,0.7284229999999999,373019.182141642
7929.0,0.732726,375193.3182235687
7930.0,0.7265510000000001,372002.2371902851
7931.0,0.773353,395934.32221270556
7932.0,0.825297,422494.9750807127
7933.0,0.824299,421950.917702115
7934.0,0.793465,406135.3521963344
7935.0,0.75097,384354.0314645038
7936.0,0.7568010000000001,387307.90291402524
7937.0,0.8208340000000001,420044.9650793075
7938.0,0.8510909999999999,435494.0289682779
7939.0,0.810387,414633.5202577754
7940.0,0.754483,385999.83096718387
7941.0,0.7409720000000001,379057.54130620626
7942.0,0.776988,397450.74933757825
7943.0,0.8240379999999999,421484.7719562634
7944.0,0.8509639999999999,435222.61401154817
7945.0,0.856498,438018.2553021139
7946.0,0.839987,429540.37407215324
7947.0,0.79614,407086.2326990446
7948.0,0.7635029999999999,390367.1276058994
7949.0,0.774779,396100.89953030436
7950.0,0.798353,408120.51129213057
7951.0,0.818651,418463.6182751692
7952.0,0.822183,420235.58670592867
7953.0,0.80607,411967.0609258204
7954.0,0.793484,405502.2666865736
7955.0,0.7961590000000001,406836.8418429821
7956.0,0.822674,420352.4344033677
7957.0,0.8522860000000001,435448.15537686396
7958.0,0.8749600000000001,446996.972283944
7959.0,0.872499,445704.04775468254
7960.0,0.8515879999999999,434987.12998248445
7961.0,0.817241,417409.40624890017
7962.0,0.786462,401656.6993889598
7963.0,0.801163,409131.87747471675
7964.0,0.8289340000000001,423279.7842864171
7965.0,0.839141,428457.3826627567
7966.0,0.852483,435234.6953102596
7967.0,0.8440700000000001,430904.78247540456
7968.0,0.791363,403964.90321719577
7969.0,0.734367,374840.11938201566
7970.0,0.720092,367524.1635525383
7971.0,0.745799,380613.93272420135
7972.0,0.773016,394472.1237814579
7973.0,0.770664,393240.1324739467
7974.0,0.763732,389671.5076819803
7975.0,0.790045,403064.3356188732
7976.0,0.815278,415904.02368231
7977.0,0.811697,414043.69115261897
7978.0,0.8245120000000001,420546.49718936137
7979.0,0.852866,434973.32610534044
7980.0,0.8656020000000001,441433.0410520346
7981.0,0.8578709999999999,437454.9250757856
7982.0,0.8259790000000001,421157.9893857938
7983.0,0.817509,416805.33710581495
7984.0,0.839772,428121.25166619447
7985.0,0.8411299999999999,428778.6606071037
7986.0,0.815566,415713.16029672546
7987.0,0.796671,406048.83303893043
7988.0,0.808658,412124.7714807876
7989.0,0.8265239999999999,421195.624731634
7990.0,0.837575,426792.3392520533
7991.0,0.8487100000000001,432430.91276595293
7992.0,0.83472,425268.00783855404
7993.0,0.801424,408271.1520644759
7994.0,0.755096,384638.6782675165
7995.0,0.718431,365931.8893386191
7996.0,0.728383,370970.5059749003
7997.0,0.755542,384771.1988549067
7998.0,0.758337,386162.88611600274
7999.0,0.76017,387064.4889084651
8000.0,0.769292,391677.03889050474
8001.0,0.751031,382348.18327564554
8002.0,0.7429100000000001,378182.66607573547
8003.0,0.780676,397374.9327841322
8004.0,0.813822,414212.5624595234
8005.0,0.817317,415957.1084365555
8006.0,0.80396,409125.5616876631
8007.0,0.81202,413193.07158824394
8008.0,0.844557,429713.8771547826
8009.0,0.855512,435251.8283317394
8010.0,0.831341,422919.54882887896
8011.0,0.777756,395627.0429552631
8012.0,0.736028,374369.9246101874
8013.0,0.719152,365755.86714752344
8014.0,0.703951,357995.0395131257
8015.0,0.715752,363966.234715596
8016.0,0.752328,382533.677036771
8017.0,0.771277,392136.0147892473
8018.0,0.790024,401634.03918241424
8019.0,0.828425,421121.36889375176
8020.0,0.843808,428905.4386175501
8021.0,0.830268,421987.92433534254
8022.0,0.810823,412070.5420400556
8023.0,0.807697,410447.62043698574
8024.0,0.812311,412757.85488081584
8025.0,0.816438,414820.24120942224
8026.0,0.818902,416037.3826694586
8027.0,0.792113,402393.7586505529
8028.0,0.772532,392413.7544713873
8029.0,0.790985,401753.45177288767
8030.0,0.786991,399691.3390536768
8031.0,0.741251,376429.6673621881
8032.0,0.721513,366375.3693055662
8033.0,0.725168,368200.41562863684
8034.0,0.7445649999999999,378017.3835151535
8035.0,0.788782,400432.79134788126
8036.0,0.819875,416182.4407931344
8037.0,0.8399110000000001,426317.16696645005
8038.0,0.850907,431862.0767669571
8039.0,0.85439,433593.26406835765
8040.0,0.840159,426335.2371167455
8041.0,0.8121189999999999,412071.6801882494
8042.0,0.8219420000000001,417020.68720459606
8043.0,0.86188,437246.6961658196
8044.0,0.8735940000000001,443151.9456224486
8045.0,0.8723200000000001,442468.24641490256
8046.0,0.880301,446478.66753956844
8047.0,0.870057,441245.6530152502
8048.0,0.8287399999999999,420256.296607574
8049.0,0.7620779999999999,386419.0455729771
8050.0,0.713971,361995.2063612513
8051.0,0.702159,355976.0995873216
8052.0,0.693334,351472.1956864372
8053.0,0.708201,358978.2144317474
8054.0,0.767861,389186.01478236495
8055.0,0.832039,421678.37985810125
8056.0,0.860455,436042.5060046494
8057.0,0.8552270000000001,433356.2438949009
8058.0,0.8386370000000001,424913.6105975225
8059.0,0.815817,413316.0971189455
8060.0,0.794575,402519.9301363927
8061.0,0.805755,408148.6853581724
8062.0,0.824348,417531.12895407935
8063.0,0.8217760000000001,416192.8170585935
8064.0,0.819782,415147.41573252983
8065.0,0.829023,419791.2202015151
8066.0,0.8461069999999999,428405.31318144675
8067.0,0.861028,435922.81691878644
8068.0,0.8593049999999999,435013.1740703467
8069.0,0.840785,425601.1054724678
8070.0,0.812562,411279.44040680694
8071.0,0.771767,390597.42253033083
8072.0,0.744058,376541.29655142926
8073.0,0.7557550000000001,382427.82598840416
8074.0,0.775076,392170.89099922613
8075.0,0.7643949999999999,386733.23057170416
8076.0,0.7247439999999999,366640.8470117409
8077.0,0.7003020000000001,354245.3260902572
8078.0,0.749544,379121.5011670914
8079.0,0.830309,419936.4064853058
8080.0,0.862208,436031.9437388894
8081.0,0.876948,443447.851554095
8082.0,0.888126,449061.4038392783
8083.0,0.867179,438432.06371074053
8084.0,0.8396299999999999,424466.96003294614
8085.0,0.833034,421095.92290162947
8086.0,0.832907,420995.220021332
8087.0,0.836887,422970.22477806074
8088.0,0.842866,425955.0869529266
8089.0,0.839983,424461.2491085667
8090.0,0.8399639999999999,424414.76029121585
8091.0,0.8525,430711.45992006804
8092.0,0.8577940000000001,433348.4572408199
8093.0,0.8504950000000001,429623.6737225839
8094.0,0.8525010000000001,430599.48276626394
8095.0,0.8680120000000001,438395.89705503994
8096.0,0.864814,436742.63127226057
8097.0,0.8450639999999999,426731.37663156906
8098.0,0.844094,426204.34021772083
8099.0,0.84831,428295.6844263122
8100.0,0.8272,417601.13724118087
8101.0,0.80362,405661.59768040205
8102.0,0.7859189999999999,396691.5408170784
8103.0,0.758631,382884.42988596583
8104.0,0.7450939999999999,376019.2979483061
8105.0,0.7352529999999999,371020.40808166977
8106.0,0.7408779999999999,373826.07941574993
8107.0,0.790017,398585.2431168222
8108.0,0.8405370000000001,424036.72776320885
8109.0,0.850507,429028.72357187583
8110.0,0.8296129999999999,418452.18693759583
8111.0,0.8228530000000001,415005.97014438343
8112.0,0.826376,416746.1110725938
8113.0,0.814756,410849.89308652317
8114.0,0.819442,413176.44976847287
8115.0,0.827478,417191.5498696318
8116.0,0.8056409999999999,406146.1049115752
8117.0,0.8015369999999999,404041.49669305823
8118.0,0.786622,396488.07239920285
8119.0,0.756275,381158.3190715765
8120.0,0.760297,383151.50358548074
8121.0,0.7781680000000001,392122.8964316586
8122.0,0.776461,391228.09628258785
8123.0,0.77378,389842.71524933446
8124.0,0.765907,385841.9765093553
8125.0,0.7498020000000001,377695.24699900096
8126.0,0.754832,380195.25891609647
8127.0,0.7400800000000001,372731.8532107951
8128.0,0.7188140000000001,361989.3497138885
8129.0,0.716191,360636.37497329066
8130.0,0.712559,358775.58547280816
8131.0,0.7087220000000001,356811.8973739433
8132.0,0.7095020000000001,357172.79778583505
8133.0,0.714252,359531.9864834134
8134.0,0.687434,346001.8121566579
8135.0,0.662328,333335.6433014107
8136.0,0.654172,329201.52923492674
8137.0,0.649405,326773.4415324843
8138.0,0.6714289999999999,337825.5006580353
8139.0,0.681632,342928.43151804816
8140.0,0.676747,340440.35025729076
8141.0,0.704177,354207.43329783925
8142.0,0.7187359999999999,361498.3816916546
8143.0,0.723388,363805.58506867604
8144.0,0.7098949999999999,356987.7063129019
8145.0,0.6708930000000001,337344.36768372834
8146.0,0.649713,326665.1451102507
8147.0,0.640229,321867.85132951726
8148.0,0.6383939999999999,320916.502950395
8149.0,0.648491,325962.9067829144
8150.0,0.6493680000000001,326374.38407909626
8151.0,0.649113,326216.8731498283
8152.0,0.658355,330831.7348268658
8153.0,0.645292,324238.21074986673
8154.0,0.6317010000000001,317380.57704108086
8155.0,0.629414,316203.0292768852
8156.0,0.618541,310712.657159771
8157.0,0.6189060000000001,310867.95043717156
8158.0,0.612052,307397.5211920238
8159.0,0.615903,309303.70392684883
8160.0,0.627935,315317.614371595
8161.0,0.623844,313234.98575358995
8162.0,0.616946,309743.43582337874
8163.0,0.604152,303292.6270812132
8164.0,0.6044109999999999,303395.1616643278
8165.0,0.616681,309526.25516432105
8166.0,0.604454,303361.73156073986
8167.0,0.596957,299571.9731905597
8168.0,0.589643,295874.7125430781
8169.0,0.5862109999999999,294125.8635723336
8170.0,0.573746,287845.5046467642
8171.0,0.546603,274203.0614160587
8172.0,0.537463,269593.4564995627
8173.0,0.533787,267725.18862235884
8174.0,0.532879,267245.432105547
8175.0,0.522243,261887.47966688377
8176.0,0.487279,244331.919191531
8177.0,0.44119,221201.74706563915
8178.0,0.406984,204033.0815794183
8179.0,0.411709,206383.01530799206
8180.0,0.431107,216087.17193456995
8181.0,0.4468180000000001,223941.64744325294
8182.0,0.439561,220284.34686823311
8183.0,0.417531,209224.94692357368
8184.0,0.40534,203097.4350105232
8185.0,0.434626,217751.3680175098
8186.0,0.48548,243207.36662055607
8187.0,0.52047,260712.14080492657
8188.0,0.542488,271716.39318925556
8189.0,0.545098,272998.6025612385
8190.0,0.534147,267489.4996008166
8191.0,0.513001,256876.42294201007
8192.0,0.4775100000000001,239082.9313258021
8193.0,0.43603,218294.36179692028
8194.0,0.405843,203162.82050581498
8195.0,0.379149,189782.46971973818
8196.0,0.342604,171474.12394805727
8197.0,0.34081500000000003,170563.00073645395
8198.0,0.419604,209974.08130037633
8199.0,0.509137,254753.7887155582
8200.0,0.551113,275731.6053391828
8201.0,0.568723,284515.9163164046
8202.0,0.56648,283367.6156197012
8203.0,0.541445,270819.43100530625
8204.0,0.52328,261709.46428050636
8205.0,0.5270239999999999,263557.5629646973
8206.0,0.53115,265596.3199714323
8207.0,0.520193,260093.27778813857
8208.0,0.510185,255065.69117345303
8209.0,0.5047050000000001,252302.5747212769
8210.0,0.479658,239759.30012128694
8211.0,0.438518,219174.92604744938
8212.0,0.388068,193941.5801989545
8213.0,0.324094,161954.76164728697
8214.0,0.280066,139940.27767056698
8215.0,0.330311,165030.78714846628
8216.0,0.468019,233811.02718474565
8217.0,0.569042,284253.21032589476
8218.0,0.595226,297305.18242105056
8219.0,0.582773,291057.98505547346
8220.0,0.553611,276467.63390995754
8221.0,0.50998,254654.99439682357
8222.0,0.480643,239983.3565626421
8223.0,0.516636,257930.43733133448
8224.0,0.579624,289350.1395219574
8225.0,0.604028,301504.4970748096
8226.0,0.592118,295531.8912510694
8227.0,0.575805,287363.01203796855
8228.0,0.570697,284787.12442789006
8229.0,0.570975,284899.15365197236
8230.0,0.573982,286372.70632086246
8231.0,0.5817220000000001,290207.1468273249
8232.0,0.570407,284535.6615308589
8233.0,0.540168,269426.2677258111
8234.0,0.486659,242714.1214747674
8235.0,0.395596,197279.2281749745
8236.0,0.341085,170079.21856122997
8237.0,0.446841,222792.6136668116
8238.0,0.641863,319999.4537326897
8239.0,0.752329,375036.7270067629
8240.0,0.7655420000000001,381587.4658591561
8241.0,0.739246,368445.38648095843
8242.0,0.6901390000000001,343937.67466248025
8243.0,0.632838,315351.3906251753
8244.0,0.6415850000000001,319679.95346915885
8245.0,0.7622939999999999,379789.2635147777
8246.0,0.8846799999999999,440722.6300598698
8247.0,0.927048,461785.5116116814
8248.0,0.922405,459429.2586678448
8249.0,0.899116,447787.1502473697
8250.0,0.870482,433485.5001770524
8251.0,0.8468110000000001,421657.79180081
8252.0,0.8550719999999999,425730.89091408695
8253.0,0.905613,450851.9426362592
8254.0,0.947939,471878.822771851
8255.0,0.959643,477659.670137623
8256.0,0.959523,477554.588858485
8257.0,0.9603,477895.8956346693
8258.0,0.962994,479191.02071675705
8259.0,0.959416,477365.18877397024
8260.0,0.940338,467828.261223272
8261.0,0.915593,455473.99790518195
8262.0,0.909147,452224.277533365
8263.0,0.923451,459295.55019448436
8264.0,0.939895,467429.7171541931
8265.0,0.950254,472536.3963152942
8266.0,0.957628,476157.85459181806
8267.0,0.962228,478399.42124245636
8268.0,0.963904,479186.9213501006
8269.0,0.957973,476192.9276155704
8270.0,0.932575,463523.67336934886
8271.0,0.900206,447392.30752186
8272.0,0.8845719999999999,439580.3153479273
8273.0,0.8959440000000001,445188.9049477188
8274.0,0.929399,461768.2478861527
8275.0,0.954683,474285.0484795817
8276.0,0.958667,476218.6308269539
8277.0,0.960915,477289.5394609454
8278.0,0.960185,476881.17628634116
8279.0,0.940495,467057.18088872253
8280.0,0.917597,455642.0818277968
8281.0,0.921022,457298.84726454783
8282.0,0.929585,461506.10457009077
8283.0,0.918366,455892.4081408086
8284.0,0.916336,454840.9029080003
8285.0,0.940541,466810.5654456077
8286.0,0.960023,476433.997088776
8287.0,0.949949,471389.1015999966
8288.0,0.921404,457180.25194672175
8289.0,0.907759,450366.45464233786
8290.0,0.926239,459490.58494817937
8291.0,0.946838,469664.02504893567
8292.0,0.943153,467790.94371580763
8293.0,0.922095,457302.26204337203
8294.0,0.904287,448427.2269891013
8295.0,0.903558,448022.37665316166
8296.0,0.908171,450266.1140022983
8297.0,0.908552,450411.39356736996
8298.0,0.907799,449994.4984570661
8299.0,0.916588,454307.155158544
8300.0,0.932735,462265.5925398795
8301.0,0.941331,466480.5312732333
8302.0,0.935118,463356.67675769207
8303.0,0.91188,451798.23123596556
8304.0,0.879774,435848.7116086671
8305.0,0.8709,431410.5109022051
8306.0,0.8822469999999999,436988.8846867411
8307.0,0.8929459999999999,442245.2177100238
8308.0,0.912962,452114.44202158815
8309.0,0.929305,460162.9648439441
8310.0,0.930385,460652.8678163651
8311.0,0.919963,455448.32709422597
8312.0,0.908004,449483.92415808095
8313.0,0.8923139999999999,441673.90516091714
8314.0,0.857025,424165.3007679352
8315.0,0.8466959999999999,419012.27746116364
8316.0,0.8860180000000001,438429.0870609334
8317.0,0.911947,451215.45614400186
8318.0,0.91155,450974.9294412167
8319.0,0.907037,448698.2987058303
8320.0,0.905245,447767.9973961677
8321.0,0.8961389999999999,443220.4305100213
8322.0,0.871761,431121.1079830591
8323.0,0.849139,419892.46085516404
8324.0,0.84221,416425.29463853774
8325.0,0.856035,423219.4605933362
8326.0,0.867186,428690.3879863355
8327.0,0.869115,429601.80217383656
8328.0,0.87871,434301.93040906783
8329.0,0.8914219999999999,440541.5358719629
8330.0,0.889716,439655.20328435255
8331.0,0.8628809999999999,426352.6895330279
8332.0,0.835616,412840.32621536555
8333.0,0.827558,408818.98193614447
8334.0,0.831313,410633.5308266373
8335.0,0.843519,416621.72606338136
8336.0,0.8621629999999999,425788.1920730881
8337.0,0.870149,429689.78226971306
8338.0,0.856066,422693.7238118362
8339.0,0.829967,409766.55263371434
8340.0,0.823025,406299.06212541903
8341.0,0.8278059999999999,408618.9038073969
8342.0,0.812508,401027.91403005685
8343.0,0.805991,397771.99517780694
8344.0,0.840411,414717.893868512
8345.0,0.8627969999999999,425722.5826678876
8346.0,0.849042,418894.0895065139
8347.0,0.8506809999999999,419661.15231990686
8348.0,0.86454,426455.8595597322
8349.0,0.8718319999999999,430010.1820018086
8350.0,0.8752139999999999,431635.4542029636
8351.0,0.8497309999999999,419026.238008093
8352.0,0.8198690000000001,404260.3086825228
8353.0,0.824533,406519.64986650244
8354.0,0.848936,418509.4760069528
8355.0,0.864654,426215.78060035553
8356.0,0.856793,422298.83801298874
8357.0,0.848557,418197.83924133447
8358.0,0.851893,419800.1429918753
8359.0,0.839879,413838.6078337327
8360.0,0.789179,388818.15276503086
8361.0,0.730294,359770.42283039156
8362.0,0.752727,370784.7903297813
8363.0,0.837126,412317.6454999655
8364.0,0.8912549999999999,438934.507236623
8365.0,0.904381,445354.4653132449
8366.0,0.8939,440149.2191737852
8367.0,0.8787790000000001,432660.5189628101
8368.0,0.887222,436773.69863851665
8369.0,0.8956719999999999,440889.4781494247
8370.0,0.8716370000000001,429015.4531419112
8371.0,0.843442,415096.45529354125
8372.0,0.856455,421458.5364308043
8373.0,0.8939030000000001,439842.4946456942
8374.0,0.8966620000000001,441155.8295068574
8375.0,0.868974,427490.51933476946
8376.0,0.871102,428494.39465302764
8377.0,0.886069,435812.90594594035
8378.0,0.8800629999999999,432815.39359336806
8379.0,0.8822530000000001,433848.8519780202
8380.0,0.8879950000000001,436628.6038768006
8381.0,0.868072,426789.5197273437
8382.0,0.8614930000000001,423512.33885196946
8383.0,0.875367,430289.5343809767
8384.0,0.869132,427181.69275409874
8385.0,0.8589899999999999,422154.3422347537
8386.0,0.8520540000000001,418703.4258484705
8387.0,0.855463,420336.2529824669
8388.0,0.874899,429842.8854127732
8389.0,0.891251,437832.5434841664
8390.0,0.886006,435211.97755692736
8391.0,0.8737540000000001,429150.3805942805
8392.0,0.896086,440074.44254145655
8393.0,0.931262,457303.41966546274
8394.0,0.940043,461568.7310709652
8395.0,0.93082,456993.9396551005
8396.0,0.919096,451192.2867211404
8397.0,0.917754,450487.8830709502
8398.0,0.924174,453593.2605557373
8399.0,0.929583,456201.8270087552
8400.0,0.924836,453826.1908655491
8401.0,0.90532,444204.4525053372
8402.0,0.891349,437305.07672066335
8403.0,0.8961290000000001,439605.5795394826
8404.0,0.901759,442322.52634211653
8405.0,0.897049,439967.53151811217
8406.0,0.8820600000000001,432572.0557328311
8407.0,0.868337,425798.85760140704
8408.0,0.8666739999999999,424940.1700574015
8409.0,0.8601469999999999,421697.002584212
8410.0,0.847239,415326.4322836275
8411.0,0.835002,409286.0355555787
8412.0,0.834227,408864.509113118
8413.0,0.8506290000000001,416860.8397876019
8414.0,0.877984,430222.6190468898
8415.0,0.909459,445600.29409867735
8416.0,0.917817,449649.51408005494
8417.0,0.90406,442864.5871550842
8418.0,0.8945690000000001,438170.55989208055
8419.0,0.8871209999999999,434478.05190889636
8420.0,0.888344,435032.5669086691
8421.0,0.888792,435207.4578211071
8422.0,0.879921,430819.5988571382
8423.0,0.8697879999999999,425814.7882834138
8424.0,0.8793860000000001,430469.5304758191
8425.0,0.905979,443441.69236918876
8426.0,0.901984,441441.0641562614
8427.0,0.8716790000000001,426565.73405177105
8428.0,0.8759040000000001,428589.3350593271
8429.0,0.908235,444363.6587667114
8430.0,0.909596,444983.8747167421
8431.0,0.8739459999999999,427499.63058795955
8432.0,0.8364940000000001,409137.57823799434
8433.0,0.8199049999999999,400982.53010128904
8434.0,0.825152,403507.1479121441
8435.0,0.8318620000000001,406746.5728398696
8436.0,0.803812,392990.8369830436
8437.0,0.778386,380520.67597448995
8438.0,0.7852100000000001,383817.12821857433
8439.0,0.7951010000000001,388611.9020492204
8440.0,0.8103060000000001,396002.65967809496
8441.0,0.8220559999999999,401703.5628313703
8442.0,0.855075,417795.4472894011
8443.0,0.915433,447240.63359799824
8444.0,0.942248,460293.76506142004
8445.0,0.919616,449191.5174746491
8446.0,0.890639,434992.6090414241
8447.0,0.906129,442512.2759290235
8448.0,0.934428,456285.0531791922
8449.0,0.930182,454164.7442990111
8450.0,0.903117,440904.54318456486
8451.0,0.8871180000000001,433048.9597409908
8452.0,0.90435,441415.09957377583
8453.0,0.922029,449997.64284501097
8454.0,0.908564,443380.0833811952
8455.0,0.882258,430498.10193889943
8456.0,0.860059,419622.573394076
8457.0,0.8570559999999999,418114.0309609646
8458.0,0.869409,424096.4137260479
8459.0,0.882959,430661.3667453216
8460.0,0.885759,431982.1890531036
8461.0,0.885785,431949.983030755
8462.0,0.896328,437045.80674924486
8463.0,0.902071,439800.33157603454
8464.0,0.90176,439602.96939709684
8465.0,0.889559,433609.920019825
8466.0,0.8889950000000001,433289.8873595338
8467.0,0.897811,437541.1685082087
8468.0,0.907516,442224.7433507817
8469.0,0.907771,442302.8953903987
8470.0,0.8817790000000001,429593.73745304503
8471.0,0.877074,427256.93561915995
8472.0,0.904113,440382.72537610505
8473.0,0.909844,443127.9617339107
8474.0,0.874934,426080.986331692
8475.0,0.855923,416779.3384127544
8476.0,0.882086,429474.1403879617
8477.0,0.906743,441433.09445362486
8478.0,0.896176,436243.0862149019
8479.0,0.874743,425765.3126345355
8480.0,0.886784,431580.8678592881
8481.0,0.899432,437690.56744275487
8482.0,0.880991,428671.7103952864
8483.0,0.859326,418086.15492279927
8484.0,0.86872,422612.2856520433
8485.0,0.888494,432186.5468255432
8486.0,0.871734,423989.555652035
8487.0,0.8400610000000001,408541.7151589157
8488.0,0.831117,404149.5915595357
8489.0,0.848458,412538.7075596541
8490.0,0.8488950000000001,412707.81133131287
8491.0,0.8224370000000001,399802.67399360973
8492.0,0.808116,392799.6418687801
8493.0,0.8267209999999999,401800.66669169057
8494.0,0.841989,409178.1077275187
8495.0,0.845593,410886.26281505707
8496.0,0.838672,407480.321069923
8497.0,0.827566,402041.9504379405
8498.0,0.8337190000000001,404988.46038868465
8499.0,0.825149,400783.21818387066
8500.0,0.812331,394515.76348366553
8501.0,0.808388,392559.37872032385
8502.0,0.8090310000000001,392830.1482482385
8503.0,0.8201719999999999,398197.67276454053
8504.0,0.8386120000000001,407107.3701208502
8505.0,0.810198,393272.1160189327
8506.0,0.7684949999999999,372989.93521817814
8507.0,0.771098,374213.7185536665
8508.0,0.790995,383829.11076479946
8509.0,0.7775380000000001,377259.18403920333
8510.0,0.763898,370601.84739517997
8511.0,0.771569,374283.7471548268
8512.0,0.782087,379345.76477870607
8513.0,0.788261,382299.88687930146
8514.0,0.783898,380143.54948424053
8515.0,0.789381,382761.8634202404
8516.0,0.7873600000000001,381741.3841088701
8517.0,0.7559739999999999,366485.37039608456
8518.0,0.72773,352755.6127416252
8519.0,0.741737,359507.08219012164
8520.0,0.762022,369299.61284601863
8521.0,0.7619600000000001,369230.30074266467
8522.0,0.762854,369624.1933834624
8523.0,0.768008,372081.8533780876
8524.0,0.7624350000000001,369342.54471911077
8525.0,0.7558060000000001,366092.3022130709
8526.0,0.745621,361120.48513777606
8527.0,0.733729,355323.05992145464
8528.0,0.74916,362757.1553612354
8529.0,0.762053,368960.83144846297
8530.0,0.726793,351851.5643945653
8531.0,0.708862,343134.2681729466
8532.0,0.733269,354910.91065489483
8533.0,0.726258,351479.9588008687
8534.0,0.687387,332632.39790182514
8535.0,0.70385,340562.57795373193
8536.0,0.752944,364278.0868112418
8537.0,0.732815,354501.65231480513
8538.0,0.6932189999999999,335311.07431986363
8539.0,0.711208,343975.55640285433
8540.0,0.704576,340731.5009740231
8541.0,0.6683479999999999,323177.0917054959
8542.0,0.68423,330821.3162900403
8543.0,0.71554,345922.4362023602
8544.0,0.710721,343555.8799552676
8545.0,0.693632,335259.247047997
8546.0,0.689083,333024.79535784374
8547.0,0.693046,334904.10299275385
8548.0,0.706967,341594.52768628014
8549.0,0.713742,344831.0421328888
8550.0,0.718064,346881.8500730762
8551.0,0.7240800000000001,349750.44790408004
8552.0,0.684493,330593.2837302254
8553.0,0.637508,307867.5565677148
8554.0,0.663337,320306.50735066476
8555.0,0.674038,325438.670974774
8556.0,0.633061,305621.2556525025
8557.0,0.650223,313872.6880048713
8558.0,0.679175,327812.92781899654
8559.0,0.643108,310371.23649452743
8560.0,0.619913,299144.79485543905
8561.0,0.62967,303820.33914542245
8562.0,0.624945,301507.9432405258
8563.0,0.608479,293532.13695661305
8564.0,0.608294,293411.1945261276
8565.0,0.646051,311589.64589131996
8566.0,0.661625,319066.47376593354
8567.0,0.614704,296406.92031377763
8568.0,0.608087,293184.52012148284
8569.0,0.61838,298114.9479650359
8570.0,0.5956239999999999,287113.4187588042
8571.0,0.607466,292790.00295508286
8572.0,0.610029,293993.48079142877
8573.0,0.59011,284363.02568755444
8574.0,0.607506,292714.0984734501
8575.0,0.6270789999999999,302112.17396865325
8576.0,0.609135,293435.3326882012
8577.0,0.5773699999999999,278103.1659094234
8578.0,0.600024,288983.5954404111
8579.0,0.639999,308202.88287705136
8580.0,0.630946,303810.2408801954
8581.0,0.619119,298082.95948745694
8582.0,0.582997,280661.03351274395
8583.0,0.554674,266996.9962315272
8584.0,0.581923,280083.05745751626
8585.0,0.602368,289891.80702720606
8586.0,0.595661,286632.82991480187
8587.0,0.585226,281580.82514678006
8588.0,0.590635,284152.39886643254
8589.0,0.5856,281699.37427264766
8590.0,0.583059,280446.4632764847
8591.0,0.5605979999999999,269613.50433763396
8592.0,0.526508,253190.66430177173
8593.0,0.524419,252158.56938328463
8594.0,0.5218550000000001,250898.3158539477
8595.0,0.4935850000000001,237280.7012491589
8596.0,0.462903,222506.65751398454
8597.0,0.442878,212857.84227470294
8598.0,0.465411,223663.29009112366
8599.0,0.537972,258505.7684038925
8600.0,0.571916,274786.4395968567
8601.0,0.5609770000000001,269501.11955139524
8602.0,0.555393,266789.27755314665
8603.0,0.541391,260034.77790183268
8604.0,0.5412279999999999,259928.00804104964
8605.0,0.5478810000000001,263094.3149247712
8606.0,0.528127,253580.5737976628
8607.0,0.510017,244858.1875232285
8608.0,0.484713,232684.25565489157
8609.0,0.458898,220267.7073291938
8610.0,0.461598,221539.3639614966
8611.0,0.476835,228827.07783901817
8612.0,0.510905,245149.90478697143
8613.0,0.5292939999999999,253945.67298649633
8614.0,0.5186569999999999,248814.87703754168
8615.0,0.5051859999999999,242325.79404765405
8616.0,0.475816,228212.59051079693
8617.0,0.457664,219482.3067567548
8618.0,0.449306,215450.33348262802
8619.0,0.431891,207076.7206551691
8620.0,0.417462,200136.4674592305
8621.0,0.412908,197931.4095047876
8622.0,0.422992,202742.9199262382
8623.0,0.420541,201545.91180525493
8624.0,0.405479,194305.95353483874
8625.0,0.37847,181343.2001266627
8626.0,0.335772,160866.773320744
8627.0,0.282739,135443.95684343745
8628.0,0.226249,108370.88224747714
8629.0,0.231125,110694.20208961477
8630.0,0.330708,158370.62982899757
8631.0,0.4473180000000001,214189.55785911693
8632.0,0.502037,240364.1015920051
8633.0,0.515979,247011.88588760965
8634.0,0.509622,243941.62981222084
8635.0,0.49722,237978.7913258099
8636.0,0.484965,232087.61077830152
8637.0,0.473943,226787.7299978266
8638.0,0.466146,223032.044847891
8639.0,0.465822,222852.31369123535
8640.0,0.465415,222632.90802641615
8641.0,0.4575550000000001,218848.76670088965
8642.0,0.452028,216181.2054341459
8643.0,0.460198,220064.05274210952
8644.0,0.467744,223647.66685438115
8645.0,0.4574720000000001,218711.9008267179
8646.0,0.44617,213284.84479039087
8647.0,0.443044,211766.96367093435
8648.0,0.440324,210443.44863607906
8649.0,0.440547,210526.6051181085
8650.0,0.445645,212939.11639653705
8651.0,0.4498140000000001,214907.23269944152
8652.0,0.449182,214581.38613440524
8653.0,0.433136,206892.9087947697
8654.0,0.417337,199324.1037911764
8655.0,0.4193560000000001,200266.07286622858
8656.0,0.42161,201320.0352695945
8657.0,0.412158,196784.72615429986
8658.0,0.394135,188158.65408833296
8659.0,0.381161,181944.60353814045
8660.0,0.357771,170760.47981730703
8661.0,0.298635,142519.54644647523
8662.0,0.215917,103031.97901446163
8663.0,0.134778,64306.6186558577
8664.0,0.120228,57357.96518064806
8665.0,0.284537,135730.76354756905
8666.0,0.567639,270746.7081371914
8667.0,0.752466,358863.4588758053
8668.0,0.8245969999999999,393219.90224814933
8669.0,0.868525,414121.1691013058
8670.0,0.904816,431376.7462661925
8671.0,0.90681,432278.9568321642
8672.0,0.882228,420513.50770227326
8673.0,0.884725,421656.4194861188
8674.0,0.919953,438396.76922142867
8675.0,0.947704,451570.63289632305
8676.0,0.957374,456127.0854315799
8677.0,0.959453,457066.2759213502
8678.0,0.960032,457290.74015746993
8679.0,0.961087,457741.8385438681
8680.0,0.959562,456964.1614031887
8681.0,0.952234,453423.43334622437
8682.0,0.93371,444552.90091545426
8683.0,0.902866,429819.27066126023
8684.0,0.8971129999999999,427032.436298843
8685.0,0.924942,440229.6898880015
8686.0,0.946362,450373.90609502874
8687.0,0.952301,453149.2338323131
8688.0,0.942829,448591.4677947765
8689.0,0.936538,445548.03402202256
8690.0,0.946758,450359.3123885284
8691.0,0.948286,451035.28936134034
8692.0,0.935628,444964.5356217772
8693.0,0.931865,443124.9231485361
8694.0,0.937041,445535.9406985453
8695.0,0.942622,448138.93620517687
8696.0,0.954416,453694.75685175497
8697.0,0.95829,455484.8447417239
8698.0,0.954394,453581.7643926316
8699.0,0.960681,456518.0799557435
8700.0,0.968765,460307.5516827981
8701.0,0.962745,457395.40288147115
8702.0,0.948836,450736.28996765043
8703.0,0.94329,448050.98317286227
8704.0,0.934306,443733.4404361097
8705.0,0.921294,437504.0376755811
8706.0,0.92016,436916.0098316512
8707.0,0.927144,440182.2956089527
8708.0,0.929281,441146.85900830367
8709.0,0.935997,444284.67156555585
8710.0,0.946877,449398.0299640506
8711.0,0.951355,451472.0927723251
8712.0,0.958179,454658.84696150845
8713.0,0.97067,460533.5587852272
8714.0,0.975771,462901.1328841122
8715.0,0.963063,456820.6014982172
8716.0,0.943766,447616.35013509187
8717.0,0.945629,448448.9506355886
8718.0,0.965599,457867.30933276087
8719.0,0.97669,463073.7418242282
8720.0,0.974011,461751.0004173414
8721.0,0.970103,459845.9700344501
8722.0,0.971011,460223.9603390121
8723.0,0.973902,461541.6051932797
8724.0,0.971876,460528.97900636256
8725.0,0.95612,453011.26424521836
8726.0,0.920824,436238.2123989908
8727.0,0.901816,427184.48661659687
8728.0,0.932117,441487.4995097942
8729.0,0.96638,457663.57273947727
8730.0,0.973208,460844.59576606547
8731.0,0.965034,456921.7625808478
8732.0,0.951941,450671.034261599
8733.0,0.944325,447014.35546502355
8734.0,0.954269,451669.90359866933
8735.0,0.969591,458869.5629165757
8736.0,0.976377,462028.26001853956
8737.0,0.973854,460781.6338539534
8738.0,0.966839,457410.11214059737
8739.0,0.959791,454023.7297049347
8740.0,0.958935,453566.85612961964
8741.0,0.963159,455512.58030315454
8742.0,0.965329,456486.53743943386
8743.0,0.964814,456190.7071936659
8744.0,0.962911,455238.71331117867
8745.0,0.958431,453068.71850293403
8746.0,0.957215,452441.97808775876
8747.0,0.960784,454076.8019345046
8748.0,0.962227,454706.57365073054
8749.0,0.955812,451623.25672938296
8750.0,0.944974,446450.9891921683
8751.0,0.941302,444665.06125316635
8752.0,0.945753,446716.3347403777
8753.0,0.949096,448243.82337384997
8754.0,0.945747,446610.7713289147
8755.0,0.941229,444426.09930741054
8756.0,0.945933,446595.8181065007
8757.0,0.950457,448680.0438618814
8758.0,0.94859,447747.1309630279
8759.0,0.946964,446928.1535525964
8760.0,0.946338,446581.2479715752
8761.0,0.94555,446157.9611827065
8762.0,0.943675,445221.9085337987
8763.0,0.940395,443623.2537199716
8764.0,0.939753,443269.25665076234
8765.0,0.937236,442031.00897911395
8766.0,0.928463,437842.8332191605
8767.0,0.926827,437020.86783685023
8768.0,0.917241,432450.89111982443
8769.0,0.880482,415072.196561901
8770.0,0.863707,407117.16150353005
8771.0,0.8999090000000001,424132.3119702717
8772.0,0.934095,440193.4654218947
8773.0,0.939733,442799.15765577933
8774.0,0.940582,443147.92562163965
8775.0,0.94147,443514.9641141854
8776.0,0.944858,445059.4794254093
8777.0,0.951074,447935.54343464016
8778.0,0.952333,448476.5491714432
8779.0,0.954146,449278.2698577744
8780.0,0.95023,447382.4844688963
8781.0,0.941364,443156.8534607722
8782.0,0.94349,444106.17896701384
8783.0,0.947722,446046.4544047977
8784.0,0.944278,444373.95931099594
8785.0,0.944836,444584.93996584363
8786.0,0.948085,446061.9317091582
8787.0,0.94724,445612.6079685106
8788.0,0.948959,446369.41651627386
8789.0,0.953551,448477.2668152709
8790.0,0.956993,450043.79685223923
8791.0,0.95821,450563.715163354
8792.0,0.956107,449522.5623486353
8793.0,0.948738,446006.05975674413
8794.0,0.943091,443299.78014494793
8795.0,0.946027,444628.07759205234
8796.0,0.9479,445456.497953584
8797.0,0.94366,443412.29319298564
8798.0,0.94372,443388.8165091474
8799.0,0.951191,446846.83519046113
8800.0,0.948111,445347.99632007757
8801.0,0.93348,438424.3670563803
8802.0,0.933487,438376.509525041
8803.0,0.952511,447258.2078210144
8804.0,0.965428,453270.56201575923
8805.0,0.95908,450237.5873540181
8806.0,0.944075,443141.76836326293
8807.0,0.934007,438364.70622980857
8808.0,0.933952,438287.6688788172
8809.0,0.942355,442179.35924599116
8810.0,0.946591,444115.07427273336
8811.0,0.951528,446379.1674505222
8812.0,0.961945,451213.17716564954
8813.0,0.955,447903.10889595165
8814.0,0.934691,438326.69846635865
8815.0,0.92979,435977.3003328709
8816.0,0.940431,440915.2014583348
8817.0,0.954584,447498.3112391884
8818.0,0.95912,449572.0433737134
8819.0,0.944727,442773.6445738581
8820.0,0.9246,433289.7290288985
8821.0,0.928491,435062.10786708177
8822.0,0.950409,445279.95278099395
8823.0,0.953446,446650.40349851124
8824.0,0.936923,438858.5281829591
8825.0,0.923707,432617.2920674026
8826.0,0.914409,428212.27748177474
8827.0,0.89179,417570.8657870076
8828.0,0.8714299999999999,407989.5628607593
8829.0,0.8937129999999999,418372.9152488431
8830.0,0.926761,433792.6216647367
8831.0,0.936813,438446.1197988914
8832.0,0.936871,438421.6726042836
8833.0,0.937231,438538.51891903364
8834.0,0.936163,437987.2221316706
8835.0,0.937401,438514.77786003007
8836.0,0.937844,438670.3326742142
8837.0,0.936537,438007.37569609954
8838.0,0.938494,438870.9089554129
8839.0,0.930652,435152.42095053644
8840.0,0.912541,426633.79687096307
8841.0,0.915411,427925.1025242374
8842.0,0.935561,437292.97260626743
8843.0,0.944738,441530.2984270844
8844.0,0.944504,441368.8219069573
8845.0,0.941153,439750.9537486408
8846.0,0.929805,434397.3138922176
8847.0,0.922753,431051.73757006915
8848.0,0.92676,432872.3852220508
8849.0,0.929494,434098.05777237786
8850.0,0.93438,436328.3416486108
8851.0,0.940587,439174.87318786705
8852.0,0.935696,436839.4929016309
8853.0,0.925029,431808.37781139725
8854.0,0.918869,428882.0756163843
8855.0,0.919767,429250.3774049879
8856.0,0.930005,433976.98391543893
8857.0,0.935112,436308.40709100344
8858.0,0.925384,431718.3022859742
8859.0,0.908692,423880.7439044999
8860.0,0.900949,420219.0005586841
8861.0,0.911407,425046.3765273787
8862.0,0.924222,430971.6740891295
8863.0,0.925555,431542.03770519665
8864.0,0.913616,425924.88142484415
8865.0,0.8880629999999999,413962.9891287049
8866.0,0.873352,407057.224142584
8867.0,0.88813,413895.86066071887
8868.0,0.911408,424693.64290663286
8869.0,0.917145,427316.1369298696
8870.0,0.893716,416350.58257496427
8871.0,0.848151,395076.4663509546
8872.0,0.835937,389340.74447820353
8873.0,0.879811,409726.4535205812
8874.0,0.920288,428525.502075724
8875.0,0.923548,429992.2890742344
8876.0,0.8983959999999999,418232.0137801914
8877.0,0.875886,407704.3095201814
8878.0,0.879191,409193.9376580243
8879.0,0.8946780000000001,416352.27414773626
8880.0,0.907474,422256.73520847806
8881.0,0.911182,423931.53539568064
8882.0,0.889352,413725.6641340984
8883.0,0.867771,403638.029729063
8884.0,0.8785870000000001,408620.2391379416
8885.0,0.906488,421546.3190822466
8886.0,0.917653,426687.4391278335
8887.0,0.90458,420558.5476826409
8888.0,0.8809440000000001,409520.72388558584
8889.0,0.874533,406491.87526483583
8890.0,0.8885629999999999,412963.7815710022
8891.0,0.900701,418554.9103326981
8892.0,0.893907,415348.0519844115
8893.0,0.8814059999999999,409490.5386547597
8894.0,0.8792700000000001,408449.2851487791
8895.0,0.868583,403436.522111008
8896.0,0.850103,394805.70766106993
8897.0,0.8457790000000001,392750.49873324734
8898.0,0.85129,395262.25041751284
8899.0,0.856419,397596.0367277978
8900.0,0.869334,403543.4942515687
8901.0,0.877434,407254.6594341259
8902.0,0.8690959999999999,403336.25167784985
8903.0,0.851405,395078.67933789344
8904.0,0.8474809999999999,393210.62433219526
8905.0,0.861708,399763.6122090231
8906.0,0.858798,398365.76500784414
8907.0,0.8436620000000001,391297.7108417902
8908.0,0.835269,387358.4223480898
8909.0,0.845311,391968.3198756546
8910.0,0.864135,400648.79029006144
8911.0,0.8762260000000001,406205.8327304785
8912.0,0.8595940000000001,398447.54969184776
8913.0,0.8272370000000001,383402.98314050725
8914.0,0.837174,387961.83666797995
8915.0,0.871612,403872.4226661556
8916.0,0.8831959999999999,409190.7451933244
8917.0,0.867776,401998.1369647112
8918.0,0.8419209999999999,389973.800298009
8919.0,0.825551,382345.2201660135
8920.0,0.840307,389132.40135803877
8921.0,0.867657,401749.3004165955
8922.0,0.878115,406542.61648263433
8923.0,0.8436610000000001,390544.2693177561
8924.0,0.80109,370792.7269668963
8925.0,0.817144,378177.8419798812
8926.0,0.8573729999999999,396748.1028907016
8927.0,0.8668870000000001,401102.25671667047
8928.0,0.831659,384756.04550746764
8929.0,0.77961,360632.6919773443
8930.0,0.7798039999999999,360678.8441986648
8931.0,0.829425,383583.42857355723
8932.0,0.8495030000000001,392821.3853905706
8933.0,0.810607,374790.0330644025
8934.0,0.781185,361142.8677216109
8935.0,0.791212,365734.1062986644
8936.0,0.809575,374177.0282437808
8937.0,0.825518,381499.52613959264
8938.0,0.8312709999999999,384111.66330358887
8939.0,0.823752,380591.1997656478
8940.0,0.810951,374631.46925283887
8941.0,0.807024,372772.15166093275
8942.0,0.8179420000000001,377769.48478934035
8943.0,0.828493,382596.10926048254
8944.0,0.8247770000000001,380833.87781437737
8945.0,0.803756,371082.5866939566
8946.0,0.781328,360684.13164317346
8947.0,0.765476,353323.49146785773
8948.0,0.778319,359207.86762033816
8949.0,0.8104899999999999,374009.9262182854
8950.0,0.8335899999999999,384622.9637660828
8951.0,0.8244969999999999,380381.18454861105
8952.0,0.809639,373481.06266392465
8953.0,0.821364,378843.6705919261
8954.0,0.8245290000000001,380257.2465649613
8955.0,0.7965270000000001,367298.57600011316
8956.0,0.761264,350995.2189390492
8957.0,0.7677970000000001,353964.3070124917
8958.0,0.8012060000000001,369321.330441297
8959.0,0.81266,374555.52464200155
8960.0,0.809601,373100.1905402886
8961.0,0.794977,366316.17603766505
8962.0,0.778928,358877.2540574287
8963.0,0.794421,365970.7742091103
8964.0,0.8129029999999999,374439.34163775214
8965.0,0.787272,362588.9767291538
8966.0,0.762933,351336.4610482354
8967.0,0.764808,352156.9483270111
8968.0,0.7661819999999999,352746.5612957236
8969.0,0.761338,350473.62592254736
8970.0,0.7836609999999999,360705.7341322859
8971.0,0.819071,376958.3137595732
8972.0,0.8063130000000001,371041.41639150097
8973.0,0.779779,358787.41396633314
8974.0,0.7849689999999999,361131.2696431335
8975.0,0.79986,367937.01308800234
8976.0,0.796135,366178.72996473935
8977.0,0.774768,356307.4935428068
8978.0,0.769311,353754.5987755389
8979.0,0.795821,365899.99598809466
8980.0,0.820161,377044.8107284494
8981.0,0.7983399999999999,366968.32080010016
8982.0,0.758069,348414.51531449467
8983.0,0.763356,350801.4910271533
8984.0,0.778323,357635.78077586525
8985.0,0.7745529999999999,355859.8706931543
8986.0,0.772547,354894.73077772703
8987.0,0.751625,345241.1934449316
8988.0,0.734064,337133.61429549725
8989.0,0.750312,344553.5651183776
8990.0,0.757057,347608.307293144
8991.0,0.740358,339899.1195073036
8992.0,0.719176,330133.91132174927
8993.0,0.715902,328590.64835541
8994.0,0.7430140000000001,340992.8553445466
8995.0,0.7506390000000001,344449.89225500653
8996.0,0.70029,321306.4811693575
8997.0,0.6608539999999999,303175.22162713594
8998.0,0.6783939999999999,311183.66055689316
8999.0,0.703541,322679.06660484395
9000.0,0.694387,318441.4127320442
9001.0,0.666832,305767.2448132168
9002.0,0.691673,317118.7377472035
9003.0,0.747899,342855.0687463585
9004.0,0.767621,351852.78817002574
9005.0,0.7549,345979.2790773731
9006.0,0.744167,341018.2118516476
9007.0,0.763841,349990.7929253504
9008.0,0.7729590000000001,354124.99984107865
9009.0,0.760149,348213.2717680722
9010.0,0.7379,337979.64909949515
9011.0,0.732742,335575.7442174131
9012.0,0.7579899999999999,347095.8136173581
9013.0,0.779521,356911.16088603396
9014.0,0.759731,347807.18876982684
9015.0,0.727195,332871.01057749044
9016.0,0.748082,342389.6802229365
9017.0,0.768981,351911.47516343184
9018.0,0.7466619999999999,341655.34026682464
9019.0,0.7235,331016.03439782653
9020.0,0.734772,336131.6545356584
9021.0,0.750063,343084.3149249726
9022.0,0.7362989999999999,336746.91404176626
9023.0,0.694929,317787.0016739431
9024.0,0.6734899999999999,307944.9685540648
9025.0,0.702025,320952.5224295494
9026.0,0.7136319999999999,326218.63956423814
9027.0,0.681917,311682.34440116514
9028.0,0.6718189999999999,307028.8471565458
9029.0,0.7004859999999999,320090.33572930336
9030.0,0.71408,326261.74983707693
9031.0,0.703334,321312.099885906
9032.0,0.685517,313133.73707195034
9033.0,0.689898,315095.83930930606
9034.0,0.710384,324412.1354900308
9035.0,0.707669,323132.18474381266
9036.0,0.679937,310430.8202480378
9037.0,0.658746,300718.5704129699
9038.0,0.6347689999999999,289737.06238220644
9039.0,0.5952430000000001,271661.8875210358
9040.0,0.588394,268502.7346387142
9041.0,0.651008,297038.5739294086
9042.0,0.721146,328999.89530721895
9043.0,0.741909,338430.28726185765
9044.0,0.725013,330681.87116765574
9045.0,0.728196,332092.3552411282
9046.0,0.733858,334632.8760952438
9047.0,0.711902,324580.7483817802
9048.0,0.695175,316914.892511091
9049.0,0.715951,326345.5898410205
9050.0,0.737082,335935.7213115295
9051.0,0.711438,324207.72545741586
9052.0,0.694476,316438.59676027263
9053.0,0.7271989999999999,331307.5826498691
9054.0,0.737372,335900.4817914504
9055.0,0.6986439999999999,318218.7659663584
9056.0,0.691967,315138.23136766197
9057.0,0.723405,329414.7639104987
9058.0,0.712657,324480.0048507333
9059.0,0.6895640000000001,313926.3589759601
9060.0,0.710693,323505.0363155484
9061.0,0.714233,325075.8548943303
9062.0,0.680549,309706.2584152969
9063.0,0.687319,312748.1132723639
9064.0,0.717363,326378.1501939684
9065.0,0.695855,316553.1197754239
9066.0,0.662492,301338.2166185553
9067.0,0.67642,307634.99170391064
9068.0,0.680323,309371.39115737483
9069.0,0.663319,301601.24198143306
9070.0,0.682349,310215.09503909823
9071.0,0.696144,316447.09856557933
9072.0,0.6592859999999999,299655.0085833363
9073.0,0.640592,291121.8748436845
9074.0,0.650397,295540.82872225443
9075.0,0.626826,284794.48542671045
9076.0,0.600846,272956.4437371019
9077.0,0.6188100000000001,281082.03632086026
9078.0,0.637947,289738.3253812775
9079.0,0.639695,290495.8070008205
9080.0,0.654899,297362.9061759916
9081.0,0.6433439999999999,292079.6240484901
9082.0,0.5950439999999999,270117.4334625486
9083.0,0.556921,252779.96192659452
9084.0,0.527554,239420.57706946466
9085.0,0.559758,254003.8812316364
9086.0,0.690945,313493.8317497522
9087.0,0.771399,349953.2723675246
9088.0,0.775805,351907.89865081914
9089.0,0.800971,363277.644948272
9090.0,0.80089,363195.2670638663
9091.0,0.798871,362234.14137587335
9092.0,0.808978,366770.87350632716
9093.0,0.7811739999999999,354120.68801369425
9094.0,0.776367,351897.32436140697
9095.0,0.775151,351301.96187522076
9096.0,0.759724,344267.0540186207
9097.0,0.7625310000000001,345495.55343217915
9098.0,0.744904,337466.4423869005
9099.0,0.740241,335311.724238901
9100.0,0.7575069999999999,343089.60295874975
9101.0,0.757629,343101.63552425144
9102.0,0.767555,347552.95274292823
9103.0,0.769837,348542.32548884
9104.0,0.773637,350218.6185519431
9105.0,0.774828,350713.5511802315
9106.0,0.762864,345254.6931404143
9107.0,0.751868,340235.2359120452
9108.0,0.730966,330734.9332757376
9109.0,0.721427,326377.6994264523
9110.0,0.717644,324625.26948182925
9111.0,0.727904,329224.79719109915
9112.0,0.738577,334009.9217057426
9113.0,0.7381979999999999,333796.3596393303
9114.0,0.719662,325373.69118478824
9115.0,0.699541,316236.6166594731
9116.0,0.697704,315366.3129624151
9117.0,0.704466,318382.5225480488
9118.0,0.696908,314926.86776578566
9119.0,0.690652,312060.3614455955
9120.0,0.691979,312620.39358563913
9121.0,0.6838989999999999,308930.9390278297
9122.0,0.663698,299767.7978744737
9123.0,0.641988,289925.4898141997
9124.0,0.62302,281323.807128136
9125.0,0.622991,281275.08616999706
9126.0,0.66706,301133.7114031892
9127.0,0.7154729999999999,322948.07386235154
9128.0,0.724242,326864.77102147945
9129.0,0.721136,325421.7174415326
9130.0,0.7122069999999999,321351.6462869407
9131.0,0.680546,307027.0925034979
9132.0,0.632857,285476.07245863037
9133.0,0.5680390000000001,256204.7503230355
9134.0,0.50774,228978.8071992338
9135.0,0.547253,246766.91705353436
9136.0,0.7110770000000001,320597.6081495315
9137.0,0.8547950000000001,385345.6578265759
9138.0,0.90969,410040.5005115895
9139.0,0.91604,412850.29394111014
9140.0,0.917247,413341.74984808674
9141.0,0.91878,413979.95033825387
9142.0,0.917807,413488.97118456877
9143.0,0.921034,414890.03549585375
9144.0,0.924279,416298.8325212025
9145.0,0.92227,415341.1320041136
9146.0,0.919199,413905.4496641395
9147.0,0.924914,416425.85255347926
9148.0,0.932611,419837.84180070413
9149.0,0.929417,418346.7159112596
9150.0,0.92862,417934.7452258128
9151.0,0.934223,420402.87842321343
9152.0,0.927777,417448.97254087793
9153.0,0.920192,413983.3785110086
9154.0,0.932131,419301.144214061
9155.0,0.938453,422091.1589622034
9156.0,0.927351,417044.5920419984
9157.0,0.923061,415062.3685896912
9158.0,0.931946,419004.12963126606
9159.0,0.934791,420229.62125676364
9160.0,0.928204,417215.2244653523
9161.0,0.925975,416160.1911895111
9162.0,0.933553,419512.3983288837
9163.0,0.937373,421175.20747179096
9164.0,0.934681,419912.0116639331
9165.0,0.931821,418573.6546229317
9166.0,0.932005,418602.8101930312
9167.0,0.934668,419745.22127436096
9168.0,0.937955,421167.5150489095
9169.0,0.934869,419728.1408716199
9170.0,0.927761,416483.5900075967
9171.0,0.931315,418025.54459206545
9172.0,0.940733,422198.8362716339
9173.0,0.946399,424687.3679179505
9174.0,0.935443,419717.2375777582
9175.0,0.922539,413874.43901198346
9176.0,0.928546,416515.98725625424
9177.0,0.941155,422117.90710155765
9178.0,0.947069,424715.9802426903
9179.0,0.938691,420904.8994211389
9180.0,0.92961,416779.5952539494
9181.0,0.935654,419435.5750750133
9182.0,0.946564,424271.909502352
9183.0,0.948668,425160.43815218296
9184.0,0.934879,418926.93686202425
9185.0,0.924569,414253.78493635857
9186.0,0.930479,416848.2638252636
9187.0,0.943185,422486.2295979729
9188.0,0.953161,426900.02209035755
9189.0,0.945136,423251.44261113595
9190.0,0.930965,416851.8293763438
9191.0,0.931377,416982.7332519907
9192.0,0.944627,422860.49176515354
9193.0,0.955269,427569.40507128404
9194.0,0.948765,424603.6877724097
9195.0,0.931803,416959.0156694633
9196.0,0.925463,414068.7648296817
9197.0,0.939357,420231.1298420703
9198.0,0.958361,428677.60877896304
9199.0,0.959619,429185.08065748215
9200.0,0.946375,423207.2868104655
9201.0,0.936158,418584.4763902124
9202.0,0.938466,419562.4221963091
9203.0,0.950666,424961.97037119814
9204.0,0.957576,427995.70442787354
9205.0,0.952258,425563.9470319438
9206.0,0.943996,421817.2942180789
9207.0,0.940431,420170.136279274
9208.0,0.945961,422586.36725257797
9209.0,0.952726,425553.5935964442
9210.0,0.952226,425275.4012032035
9211.0,0.947675,423188.2709629114
9212.0,0.944733,421820.0739007693
9213.0,0.942959,420973.6523505189
9214.0,0.945978,422266.93682764895
9215.0,0.952452,425101.9175346244
9216.0,0.957028,427089.1347039103
9217.0,0.959363,428075.8669742432
9218.0,0.954502,425851.82466599304
9219.0,0.945712,421875.6386115223
9220.0,0.939876,419218.05072882253
9221.0,0.934927,416956.71399601706
9222.0,0.935484,417151.18030298984
9223.0,0.943547,420692.22216097347
9224.0,0.94379,420746.13615239767
9225.0,0.940211,419096.37237773155
9226.0,0.94587,421564.2966613539
9227.0,0.951392,423970.5124079889
9228.0,0.944022,420631.7457174832
9229.0,0.928347,413593.811625115
9230.0,0.911277,405936.2674085898
9231.0,0.901683,401610.5070097672
9232.0,0.904435,402784.05822476256
9233.0,0.909014,404770.82467361045
9234.0,0.911307,405739.2677917225
9235.0,0.915857,407712.19133136026
9236.0,0.923014,410844.9937683319
9237.0,0.923161,410857.1326065452
9238.0,0.919449,409152.0072958552
9239.0,0.920436,409538.07611156814
9240.0,0.918863,408785.1304764199
9241.0,0.907351,403611.2595416466
9242.0,0.892877,397121.31752721115
9243.0,0.883857,393058.48225336097
9244.0,0.884851,393449.4150285425
9245.0,0.893395,397196.90424664895
9246.0,0.899057,399662.2529637737
9247.0,0.892518,396703.87778781826
9248.0,0.8837149999999999,392740.0889466779
9249.0,0.877634,389986.86600111786
9250.0,0.878784,390447.10321602656
9251.0,0.880883,391328.79341568326
9252.0,0.8850459999999999,393127.0419727419
9253.0,0.892173,396241.2084204827
9254.0,0.8849370000000001,392976.33170455904
9255.0,0.8832629999999999,392181.89854739734
9256.0,0.8976850000000001,398533.5880802258
9257.0,0.8974479999999999,398376.487527239
9258.0,0.8852629999999999,392916.39338178467
9259.0,0.887784,393983.98641790386
9260.0,0.894999,397134.13318299345
9261.0,0.886718,393408.3632820421
9262.0,0.885791,392945.85647041106
9263.0,0.8895069999999999,394542.8666323365
9264.0,0.8888659999999999,394207.1380891749
9265.0,0.890201,394747.71090869064
9266.0,0.8928379999999999,395865.4049043922
9267.0,0.8971120000000001,397708.5066065277
9268.0,0.897941,398024.0690307617
9269.0,0.8971110000000001,397604.25458659354
9270.0,0.8924200000000001,395473.54083592835
9271.0,0.886798,392930.8501996679
9272.0,0.897964,397826.4211674008
9273.0,0.908123,402274.6216966082
9274.0,0.902251,399621.2589478941
9275.0,0.905565,401036.66565345426
9276.0,0.914528,404953.06280853186
9277.0,0.90435,400393.8906711314
9278.0,0.895059,396228.55448068655
9279.0,0.911198,403320.279744411
9280.0,0.919809,407078.47707684274
9281.0,0.900496,398479.00822866714
9282.0,0.892043,394686.80871113326
9283.0,0.907877,401640.0263702865
9284.0,0.909538,402322.1664927889
9285.0,0.894136,395457.5055527396
9286.0,0.894933,395758.1634300437
9287.0,0.912172,403328.77080040507
9288.0,0.913411,403823.69526447257
9289.0,0.896777,396417.76313738734
9290.0,0.9004610000000001,397994.09297061246
9291.0,0.91413,403982.6767810152
9292.0,0.912495,403207.2430274442
9293.0,0.8993629999999999,397352.4434965644
9294.0,0.900725,397901.99546144216
9295.0,0.913163,403343.6500326663
9296.0,0.910849,402268.76333526894
9297.0,0.8967780000000001,396002.4433750377
9298.0,0.896684,395908.9549860421
9299.0,0.916822,404747.24760470033
9300.0,0.922789,407327.98555167747
9301.0,0.908225,400846.6367636904
9302.0,0.900372,397328.4956436877
9303.0,0.905741,399645.2806739726
9304.0,0.919583,405699.53867779317
9305.0,0.916106,404112.4352769437
9306.0,0.900373,397120.07927390316
9307.0,0.901118,397396.4046429492
9308.0,0.909616,401091.2926615713
9309.0,0.918748,405064.71441913635
9310.0,0.919043,405141.46129192377
9311.0,0.908065,400249.351372258
9312.0,0.905181,398925.64861151937
9313.0,0.915071,403231.2127201036
9314.0,0.930443,409950.9821581037
9315.0,0.935266,412021.71211716725
9316.0,0.9149,402996.58880422666
9317.0,0.898581,395756.2202269475
9318.0,0.910392,400905.2241786712
9319.0,0.930234,409588.9631241072
9320.0,0.934274,411313.5743345704
9321.0,0.919307,404670.9962074501
9322.0,0.905027,398332.5242416946
9323.0,0.905654,398555.9089762676
9324.0,0.918329,404080.54493896203
9325.0,0.933117,410533.3395897896
9326.0,0.930332,409254.032470617
9327.0,0.914031,402030.12782629544
9328.0,0.911205,400734.2151276783
9329.0,0.920784,404893.4390916446
9330.0,0.928613,408282.1270114937
9331.0,0.924533,406434.5788598982
9332.0,0.913374,401475.90883348265
9333.0,0.909536,399736.07145928073
9334.0,0.911697,400632.8560304082
9335.0,0.917062,402937.1546527335
9336.0,0.93324,409991.19637021096
9337.0,0.943263,414339.69684559706
9338.0,0.932793,409686.42182511964
9339.0,0.916897,402651.55492822046
9340.0,0.908129,398748.35025814205
9341.0,0.911002,399956.9061295397
9342.0,0.929369,407966.5503379361
9343.0,0.940481,412789.7396696973
9344.0,0.931283,408698.4830707922
9345.0,0.92462,405720.643653735
9346.0,0.92321,405048.27214516763
9347.0,0.925182,405859.680494403
9348.0,0.927447,406799.37311885756
9349.0,0.918076,402635.6614295091
9350.0,0.909244,398709.3915731689
9351.0,0.91911,402982.2530134511
9352.0,0.923863,405012.4751754155
9353.0,0.905836,397056.9379139998
9354.0,0.898402,393746.129775546
9355.0,0.919798,403069.94277130655
9356.0,0.933074,408833.4247564214
9357.0,0.91974,402937.5347000422
9358.0,0.903554,395793.8994719304
9359.0,0.887925,388896.1011421307
9360.0,0.8801200000000001,385426.44273768587
9361.0,0.890265,389817.39705934306
9362.0,0.905707,396526.2399696932
9363.0,0.908023,397487.3723684888
9364.0,0.899482,393696.20888520655
9365.0,0.896006,392122.65269174724
9366.0,0.895193,391714.7626460033
9367.0,0.8970520000000001,392476.0115209325
9368.0,0.901235,394253.6969513067
9369.0,0.901241,394203.8681401831
9370.0,0.894734,391305.62125051947
9371.0,0.8826379999999999,385964.144721005
9372.0,0.868467,379716.8287191649
9373.0,0.858418,375273.1679086184
9374.0,0.8617049999999999,376659.9751581771
9375.0,0.879667,384460.1338338278
9376.0,0.891134,389419.9245298232
9377.0,0.884474,386458.048411235
9378.0,0.8628600000000001,376963.8832984597
9379.0,0.849319,370998.6726024077
9380.0,0.847557,370179.64155054925
9381.0,0.8492790000000001,370882.2849217946
9382.0,0.861117,376001.8189411415
9383.0,0.8638049999999999,377125.2093241702
9384.0,0.8508399999999999,371415.31449845305
9385.0,0.855883,373566.8713430519
9386.0,0.8735280000000001,381217.49356341903
9387.0,0.8699319999999999,379597.4825081977
9388.0,0.844146,368296.5064996741
9389.0,0.8244459999999999,359653.46816059336
9390.0,0.817708,356666.4658068592
9391.0,0.834065,363752.4380450515
9392.0,0.8637540000000001,376650.07711588877
9393.0,0.8717290000000001,380076.8745201284
9394.0,0.8593790000000001,374642.153866958
9395.0,0.8366299999999999,364676.0820636025
9396.0,0.827111,360478.67252475384
9397.0,0.8452290000000001,368325.75606069085
9398.0,0.8568370000000001,373334.23975183844
9399.0,0.8672989999999999,377842.10878078616
9400.0,0.8760540000000001,381605.1943726861
9401.0,0.85895,374104.6998875692
9402.0,0.8498879999999999,370108.31876627513
9403.0,0.864665,376492.98449568555
9404.0,0.869733,378648.9921103403
9405.0,0.872092,379625.16789653804
9406.0,0.8776309999999999,381985.1477781858
9407.0,0.8635209999999999,375793.48174236604
9408.0,0.8526879999999999,371029.3770402164
9409.0,0.874065,380280.164162203
9410.0,0.888331,386435.0821121395
9411.0,0.867282,377227.927236355
9412.0,0.851377,370260.3295073891
9413.0,0.865898,376524.95162576414
9414.0,0.881757,383369.61232917197
9415.0,0.878714,381995.326704066
9416.0,0.8762629999999999,380878.71409473993
9417.0,0.8815780000000001,383137.5216301525
9418.0,0.880184,382480.33852740045
9419.0,0.8669969999999999,376699.4041822669
9420.0,0.852074,370165.8371877241
9421.0,0.8561280000000001,371877.06535041
9422.0,0.864816,375600.4226242251
9423.0,0.8646889999999999,375494.81337642233
9424.0,0.8653299999999999,375722.67924571846
9425.0,0.8815149999999999,382698.70121282217
9426.0,0.893308,387766.3566561607
9427.0,0.8814790000000001,382580.19494668016
9428.0,0.869727,377428.82685010205
9429.0,0.870417,377677.4625714523
9430.0,0.8879090000000001,385215.49093326577
9431.0,0.896166,388745.44944859075
9432.0,0.873266,378760.7489529712
9433.0,0.8476879999999999,367617.349891703
9434.0,0.857403,371780.41066935385
9435.0,0.8919229999999999,386696.6381478152
9436.0,0.906397,392918.9832958981
9437.0,0.8829799999999999,382716.2720440061
9438.0,0.8596600000000001,372558.3306993372
9439.0,0.8674649999999999,375890.2051056959
9440.0,0.8887889999999999,385078.43411244336
9441.0,0.897375,388746.0243176104
9442.0,0.886917,384163.793649975
9443.0,0.8769979999999999,379816.2160706357
9444.0,0.878183,380278.1418265274
9445.0,0.8753049999999999,378980.7702690765
9446.0,0.8788590000000001,380468.220051362
9447.0,0.880224,381007.737203353
9448.0,0.863482,373710.4783833295
9449.0,0.8625719999999999,373266.25513772457
9450.0,0.8780110000000001,379895.9878870287
9451.0,0.883287,382127.20289218234
9452.0,0.8892610000000001,384659.7272636781
9453.0,0.891345,385509.11628008063
9454.0,0.866015,374503.23242126673
9455.0,0.847411,366408.5334810302
9456.0,0.8558620000000001,370012.6252682949
9457.0,0.8616229999999999,372452.9241176057
9458.0,0.8721459999999999,376950.7347777281
9459.0,0.882769,381490.52914817916
9460.0,0.868466,375258.71199218556
9461.0,0.863992,373275.0394281164
9462.0,0.8903030000000001,384590.2955990144
9463.0,0.910344,393194.3463942821
9464.0,0.912674,394147.3807920489
9465.0,0.901316,389189.6414280626
9466.0,0.8762270000000001,378304.96324069996
9467.0,0.8657540000000001,373732.7188101357
9468.0,0.8720760000000001,376410.85902796
9469.0,0.883682,381368.6625124171
9470.0,0.8992950000000001,388054.16527822596
9471.0,0.908041,391775.067976398
9472.0,0.899948,388230.7297163681
9473.0,0.8794709999999999,379345.6962528173
9474.0,0.8655520000000001,373291.359772932
9475.0,0.888041,382938.3984531279
9476.0,0.914864,394451.44709550595
9477.0,0.909351,392021.3048367695
9478.0,0.8867709999999999,382235.21793859295
9479.0,0.868876,374470.92584005295
9480.0,0.8731690000000001,376270.0817453066
9481.0,0.892917,384727.7713431235
9482.0,0.901469,388359.8262565029
9483.0,0.886669,381932.0223897211
9484.0,0.870834,375060.18280556105
9485.0,0.873124,375995.4042184606
9486.0,0.8765200000000001,377406.57079969504
9487.0,0.8705940000000001,374804.0744976511
9488.0,0.877218,377604.5032951246
9489.0,0.889302,382754.13073165144
9490.0,0.883764,380318.8936118379
9491.0,0.8802049999999999,378735.8295781021
9492.0,0.879124,378219.27261912357
9493.0,0.852562,366741.8214422086
9494.0,0.829232,356657.57854013535
9495.0,0.843248,362636.61402972095
9496.0,0.8747370000000001,376127.20427606895
9497.0,0.8771129999999999,377097.5448671772
9498.0,0.857108,368446.6429407033
9499.0,0.8518370000000001,366130.95080467506
9500.0,0.8433350000000001,362427.3359149309
9501.0,0.8368979999999999,359612.03744249383
9502.0,0.850035,365207.2223368476
9503.0,0.849627,364982.21609570296
9504.0,0.8277100000000001,355518.69244281144
9505.0,0.823068,353476.6939324646
9506.0,0.8430559999999999,362011.4529702874
9507.0,0.848952,364493.5374914071
9508.0,0.842469,361660.7896707363
9509.0,0.848716,364292.8747238668
9510.0,0.862282,370065.32030714647
9511.0,0.869871,373271.37896810606
9512.0,0.868648,372695.73581715964
9513.0,0.853484,366139.62721223064
9514.0,0.8346520000000001,358011.95653795096
9515.0,0.8337129999999999,357560.3864195157
9516.0,0.8522219999999999,365448.58770300646
9517.0,0.8624229999999999,369772.4827008623
9518.0,0.864452,370591.83372262015
9519.0,0.8548399999999999,366421.11358660687
9520.0,0.839041,359599.8659157925
9521.0,0.8517299999999999,364988.31075099774
9522.0,0.8686280000000001,372178.6873736362
9523.0,0.858038,367590.9844241109
9524.0,0.849794,364009.4297226632
9525.0,0.856259,366728.5809436809
9526.0,0.85564,366413.37051816355
9527.0,0.856798,366859.09744586266
9528.0,0.8602629999999999,368292.3510673475
9529.0,0.863526,369638.73000703315
9530.0,0.863482,369569.33320374356
9531.0,0.852557,364843.5215631208
9532.0,0.853505,365199.2283907493
9533.0,0.8578889999999999,367024.8234683812
9534.0,0.8609959999999999,368303.6483676868
9535.0,0.870136,372162.45888935396
9536.0,0.8605450000000001,368009.9319623588
9537.0,0.837585,358142.0905327581
9538.0,0.840283,359246.5118470597
9539.0,0.86524,369865.71099924657
9540.0,0.862517,368651.18692776095
9541.0,0.838522,358346.29209337226
9542.0,0.834456,356559.79089126777
9543.0,0.850778,363484.2834260924
9544.0,0.8557319999999999,365550.69239790994
9545.0,0.854275,364878.2511400245
9546.0,0.86488,369357.1986907406
9547.0,0.8674219999999999,370391.9757300057
9548.0,0.844038,360357.48742168274
9549.0,0.8283309999999999,353602.9419107446
9550.0,0.8466239999999999,361362.36919556133
9551.0,0.869107,370907.81353024347
9552.0,0.858251,366224.5281514867
9553.0,0.835514,356473.46491060103
9554.0,0.838096,357525.9757142143
9555.0,0.8533790000000001,363995.5977458284
9556.0,0.8476879999999999,361518.52176787134
9557.0,0.817639,348655.4383178225
9558.0,0.7948,338869.9217013369
9559.0,0.793277,338174.0943462221
9560.0,0.818954,349072.2143793095
9561.0,0.8551120000000001,364434.1475600408
9562.0,0.8849790000000001,377111.09378385474
9563.0,0.893408,380650.54113158945
9564.0,0.874727,372639.94596543384
9565.0,0.86779,369633.87885447504
9566.0,0.877654,373784.00048525055
9567.0,0.885633,377130.2728552505
9568.0,0.8858290000000001,377161.81987673935
9569.0,0.8761200000000001,372976.64463669347
9570.0,0.8629479999999999,367318.5614468576
9571.0,0.8633780000000001,367450.9901518832
9572.0,0.883185,375829.0226367779
9573.0,0.8974270000000001,381836.93791158905
9574.0,0.882958,375628.9188705193
9575.0,0.862957,367069.49003815226
9576.0,0.8729979999999999,371289.3822797568
9577.0,0.891283,379013.817835961
9578.0,0.894876,380489.2674880544
9579.0,0.8896870000000001,378230.8211590763
9580.0,0.874682,371800.5015680977
9581.0,0.8682709999999999,369024.4823799724
9582.0,0.8872969999999999,377058.720396213
9583.0,0.90233,383394.12709292414
9584.0,0.891244,378631.5088496888
9585.0,0.884225,375597.7544106954
9586.0,0.877425,372657.8352053696
9587.0,0.868419,368781.91475095745
9588.0,0.880734,373959.95321208355
9589.0,0.888094,377032.94257213006
9590.0,0.886015,376098.3722425544
9591.0,0.881718,374222.67140224844
9592.0,0.8780709999999999,372623.31135352235
9593.0,0.881194,373896.9376969993
9594.0,0.885199,375544.38416169933
9595.0,0.897864,380864.8446738909
9596.0,0.90226,382676.67760675045
9597.0,0.8903409999999999,377569.24918633077
9598.0,0.8735850000000001,370412.26207725296
9599.0,0.8567819999999999,363237.3133742453
9600.0,0.861624,365239.57883210597
9601.0,0.8832459999999999,374353.278399966
9602.0,0.897884,380504.7657308285
9603.0,0.888597,376517.0157054931
9604.0,0.874149,370343.8338465114
9605.0,0.8711180000000001,369008.6268848279
9606.0,0.86993,368454.3678185982
9607.0,0.868608,367843.50018778443
9608.0,0.875022,370508.42240409827
9609.0,0.8837520000000001,374153.11390691454
9610.0,0.879185,372168.02421882557
9611.0,0.8655579999999999,366348.8099893888
9612.0,0.8605659999999999,364185.4646396533
9613.0,0.866017,366441.4956372131
9614.0,0.8797590000000001,372204.60667297454
9615.0,0.8893629999999999,376215.6606567148
9616.0,0.879899,372160.6177296482
9617.0,0.856683,362290.96790586686
9618.0,0.838831,354692.1601751897
9619.0,0.825342,348940.04554022144
9620.0,0.796158,336554.86408818164
9621.0,0.782359,330675.807614945
9622.0,0.824059,348252.6016256973
9623.0,0.884848,373890.51648719405
9624.0,0.902045,381104.1552475825
9625.0,0.90015,380250.7343559803
9626.0,0.907146,383152.8423606575
9627.0,0.909344,384027.8707257223
9628.0,0.912187,385174.99466736463
9629.0,0.925806,390871.3658966037
9630.0,0.93168,393296.68679410114
9631.0,0.917297,387171.2751529328
9632.0,0.8976350000000001,378819.7081603679
9633.0,0.8927579999999999,376709.1423516409
9634.0,0.894337,377322.9502597908
9635.0,0.893503,376918.66332358046
9636.0,0.8975709999999999,378582.06417799235
9637.0,0.900256,379661.73949015717
9638.0,0.8969809999999999,378227.95939375326
9639.0,0.893719,376800.0439507416
9640.0,0.8872700000000001,374029.0295836638
9641.0,0.870231,366795.1739554618
9642.0,0.8641120000000001,364165.36628379906
9643.0,0.8853719999999999,373073.0855387336
9644.0,0.910061,383423.00106712535
9645.0,0.912412,384359.9790858695
9646.0,0.897841,378169.1619533224
9647.0,0.886294,373253.58065663796
9648.0,0.884911,372619.221358966
9649.0,0.883819,372107.54137958505
9650.0,0.883639,371979.90793550445
9651.0,0.8884879999999999,373969.0263070674
9652.0,0.893611,376072.8870452018
9653.0,0.890702,374796.37989525066
9654.0,0.8860620000000001,372791.9318833196
9655.0,0.888824,373901.82929181616
9656.0,0.891639,375033.69453120674
9657.0,0.884458,371961.3821218062
9658.0,0.8730700000000001,367120.89286464214
9659.0,0.873556,367273.9913674876
9660.0,0.8823209999999999,370907.3324637272
9661.0,0.879295,369583.67281739094
9662.0,0.8759520000000001,368127.1456689204
9663.0,0.879811,369697.2967435282
9664.0,0.8761209999999999,368095.3415943119
9665.0,0.8684139999999999,364806.34397005837
9666.0,0.8593959999999999,360967.59808995633
9667.0,0.8495739999999999,356792.2575781445
9668.0,0.8608950000000001,361496.17146291
9669.0,0.8858389999999999,371918.35512995516
9670.0,0.8997629999999999,377711.524743848
9671.0,0.904048,379457.2694299229
9672.0,0.905228,379899.4272809732
9673.0,0.8996,377484.7144942228
9674.0,0.9002190000000001,377691.6237359176
9675.0,0.8966870000000001,376157.1297083443
9676.0,0.886531,371844.69335869316
9677.0,0.8932030000000001,374590.7620222442
9678.0,0.902809,378566.33364037576
9679.0,0.894695,375111.4579101483
9680.0,0.8823059999999999,369865.44091777765
9681.0,0.874858,366691.8705783674
9682.0,0.8705200000000001,364822.5309273743
9683.0,0.8706870000000001,364841.4171490284
9684.0,0.876295,367139.8904441151
9685.0,0.876094,367004.2588824963
9686.0,0.8682850000000001,363682.0323485699
9687.0,0.855583,358311.571518135
9688.0,0.8427180000000001,352874.34790294286
9689.0,0.827523,346463.12167827523
9690.0,0.800296,335016.88852670597
9691.0,0.788619,330082.42082653544
9692.0,0.8156329999999999,341341.46217798436
9693.0,0.8574860000000001,358806.5656006113
9694.0,0.88218,369087.74856553506
9695.0,0.884302,369923.651326022
9696.0,0.88436,369896.00779675576
9697.0,0.8943959999999999,374041.21048550535
9698.0,0.907514,379473.9629736507
9699.0,0.906885,379157.7199213148
9700.0,0.893291,373421.8008418548
9701.0,0.8877649999999999,371059.6641593691
9702.0,0.8923209999999999,372911.56380861904
9703.0,0.891415,372480.61430803494
9704.0,0.881239,368176.815942601
9705.0,0.8589680000000001,358821.69734853634
9706.0,0.8286899999999999,346124.8523510957
9707.0,0.814387,340103.01593842433
9708.0,0.831844,347344.5554833647
9709.0,0.848477,354240.0248122586
9710.0,0.8568549999999999,357687.55500394606
9711.0,0.8627799999999999,360110.259551855
9712.0,0.8597790000000001,358807.22601617675
9713.0,0.845125,352642.14108510147
9714.0,0.8189850000000001,341686.7303700469
9715.0,0.8192200000000001,341736.6894210395
9716.0,0.8439469999999999,352001.99316376017
9717.0,0.850126,354529.2944529507
9718.0,0.846726,353061.6881647717
9719.0,0.849967,354363.2073786569
9720.0,0.848535,353716.3809197517
9721.0,0.8535860000000001,355771.8154735767
9722.0,0.8613620000000001,358962.2681057863
9723.0,0.8596450000000001,358196.27137444855
9724.0,0.8510530000000001,354566.209610111
9725.0,0.836931,348633.56917830056
9726.0,0.852457,355051.07363468193
9727.0,0.8805290000000001,366691.468331761
9728.0,0.8809040000000001,366795.92974650615
9729.0,0.8658170000000001,360463.0972716356
9730.0,0.8535860000000001,355320.8985487971
9731.0,0.8447120000000001,351577.35175180156
9732.0,0.842505,350609.3256800916
9733.0,0.8532719999999999,355039.94074245874
9734.0,0.863237,359135.6329560134
9735.0,0.858633,357169.8164585476
9736.0,0.854617,355449.0992714444
9737.0,0.848593,352893.81164418306
9738.0,0.850671,353708.0336530179
9739.0,0.879288,365555.34013074794
9740.0,0.8943129999999999,371749.34482065355
9741.0,0.876676,364366.5146852609
9742.0,0.86395,359026.59028015524
9743.0,0.874318,363283.8413649108
9744.0,0.870985,361847.84033232694
9745.0,0.849418,352838.0458721788
9746.0,0.846025,351378.9781065029
9747.0,0.879758,365337.64563971467
9748.0,0.897541,372669.723384512
9749.0,0.874152,362907.025097535
9750.0,0.848714,352296.54382463807
9751.0,0.855771,355175.63850585936
9752.0,0.8810620000000001,365620.59835402004
9753.0,0.886956,368014.41628734197
9754.0,0.87508,363035.48451361683
9755.0,0.8716430000000001,361558.4532691819
9756.0,0.876129,363367.8295896873
9757.0,0.8782840000000001,364210.0518679331
9758.0,0.872834,361898.7982832231
9759.0,0.867109,359474.1789274722
9760.0,0.870057,360645.25640647137
9761.0,0.880857,365070.2410915443
9762.0,0.8890040000000001,368394.58102110884
9763.0,0.8867879999999999,367424.24706610065
9764.0,0.8607950000000001,356604.00766805024
9765.0,0.844148,349658.06520355545
9766.0,0.864058,357854.35901218565
9767.0,0.893251,369892.37668017595
9768.0,0.911878,377552.2414356977
9769.0,0.895342,370653.1618024119
9770.0,0.868798,359613.5046974435
9771.0,0.871402,360640.2143889605
9772.0,0.8863049999999999,366755.9862683027
9773.0,0.8964850000000001,370915.89317623497
9774.0,0.885509,366322.66482745146
9775.0,0.859351,355451.0353876082
9776.0,0.8633629999999999,357059.84162412933
9777.0,0.8941129999999999,369724.60587754357
9778.0,0.909725,376126.93640724523
9779.0,0.897282,370929.7065762395
9780.0,0.8614950000000001,356085.0714119421
9781.0,0.835383,345243.0743402884
9782.0,0.8637729999999999,356925.2687757635
9783.0,0.914311,377754.75128554826
9784.0,0.92591,382492.6350217615
9785.0,0.8984139999999999,371081.3407121297
9786.0,0.859726,355051.18161610153
9787.0,0.84391,348469.94072970346
9788.0,0.873309,360558.22156341566
9789.0,0.9149,377675.98026944883
9790.0,0.924147,381438.9671180818
9791.0,0.904992,373479.6935011026
9792.0,0.873921,360605.77261873346
9793.0,0.8525940000000001,351755.5907087842
9794.0,0.8739370000000001,360509.81445612933
9795.0,0.914125,377034.2236574965
9796.0,0.91967,379267.3169307813
9797.0,0.8879799999999999,366146.4166373264
9798.0,0.8561719999999999,352980.5868831044
9799.0,0.849309,350101.29278018494
9800.0,0.8769030000000001,361424.6123071087
9801.0,0.913451,376434.65231578547
9802.0,0.923054,380337.9064200551
9803.0,0.907237,373767.3934824265
9804.0,0.881386,363065.47541006183
9805.0,0.861001,354617.85601805523
9806.0,0.8621620000000001,355045.45033567515
9807.0,0.901283,371102.92415291566
9808.0,0.937523,385969.7265135359
9809.0,0.929404,382572.6811428869
9810.0,0.8901700000000001,366370.47627171315
9811.0,0.8669040000000001,356743.94600986055
9812.0,0.872331,358926.0609875839
9813.0,0.88956,365962.85430783103
9814.0,0.914808,376296.15367452806
9815.0,0.932023,383322.6768415471
9816.0,0.922359,379293.9551003532
9817.0,0.8855270000000001,364095.89282424864
9818.0,0.860556,353778.26043111464
9819.0,0.8656870000000001,355836.8537277952
9820.0,0.874449,359387.13930167566
9821.0,0.8826719999999999,362714.9071569245
9822.0,0.890603,365921.7369725758
9823.0,0.8847799999999999,363477.34268672514
9824.0,0.865869,355657.7057315256
9825.0,0.8665790000000001,355898.50843095826
9826.0,0.882123,362230.58822973666
9827.0,0.883286,362656.34659845714
9828.0,0.900776,369784.49167709495
9829.0,0.930207,381811.87713814556
9830.0,0.928253,380955.3945113145
9831.0,0.880883,361463.0614258984
9832.0,0.825256,338588.57833940734
9833.0,0.815353,334477.7231950128
9834.0,0.8301120000000001,340483.5388878214
9835.0,0.843195,345800.28443785175
9836.0,0.855043,350609.0861556155
9837.0,0.8610639999999999,353027.48804414296
9838.0,0.8517469999999999,349157.6598247931
9839.0,0.832835,341356.19809695735
9840.0,0.83814,343481.41840315756
9841.0,0.852045,349129.9123289374
9842.0,0.852657,349330.6790728001
9843.0,0.864382,354083.6814342294
9844.0,0.876376,358945.48618803814
9845.0,0.8625120000000001,353216.49928406987
9846.0,0.819528,335565.60460099886
9847.0,0.7742319999999999,316973.2111777551
9848.0,0.7675109999999999,314176.60475924565
9849.0,0.7836609999999999,320741.5700900825
9850.0,0.794879,325286.3321719173
9851.0,0.818001,334700.52533247834
9852.0,0.8434879999999999,345079.553314921
9853.0,0.846057,346080.9491802279
9854.0,0.8179649999999999,334541.91195696173
9855.0,0.784913,320977.85556578764
9856.0,0.778352,318249.20130866155
9857.0,0.782459,319882.57739298866
9858.0,0.785173,320946.0721489663
9859.0,0.7987489999999999,326448.54649903445
9860.0,0.8194100000000001,334844.65234157833
9861.0,0.8150689999999999,333022.95589176833
9862.0,0.790462,322922.62374926277
9863.0,0.7927569999999999,323813.71056448045
9864.0,0.813209,332119.9687317765
9865.0,0.8259920000000001,337292.2086892236
9866.0,0.827535,337873.77773839614
9867.0,0.824628,336638.53969400644
9868.0,0.833508,340214.76866266684
9869.0,0.832667,339822.6855668744
9870.0,0.80781,329630.8546682848
9871.0,0.807902,329621.03877862205
9872.0,0.8467100000000001,345404.9288811262
9873.0,0.8596469999999999,350632.03058019653
9874.0,0.824457,336230.4408468217
9875.0,0.80558,328484.7963671582
9876.0,0.8286819999999999,337856.3400988259
9877.0,0.84057,342653.8497085017
9878.0,0.8206540000000001,334487.1007967799
9879.0,0.813141,331377.24982363475
9880.0,0.835541,340456.89481492655
9881.0,0.842936,343420.7250547013
9882.0,0.8264239999999999,336645.1348455162
9883.0,0.809834,329839.7120637632
9884.0,0.813399,331244.04373984574
9885.0,0.8433950000000001,343410.02167485893
9886.0,0.8608709999999999,350475.3777794525
9887.0,0.8299340000000001,337831.7593936678
9888.0,0.79266,322612.6088143024
9889.0,0.807301,328524.1896896268
9890.0,0.852894,347027.8918244716
9891.0,0.866333,352445.22660487384
9892.0,0.8380120000000001,340874.4559285662
9893.0,0.816992,332276.3729624948
9894.0,0.83475,339449.7665137371
9895.0,0.8569680000000001,348434.4707514015
9896.0,0.843117,342753.39729576564
9897.0,0.824227,335025.7321947618
9898.0,0.823642,334739.69093011314
9899.0,0.8342459999999999,339000.4306276349
9900.0,0.843266,342616.3545833249
9901.0,0.8482569999999999,344594.4885661103
9902.0,0.8386049999999999,340624.3490861667
9903.0,0.816882,331753.0531557429
9904.0,0.8242079999999999,334680.0147752915
9905.0,0.850142,345161.04130333045
9906.0,0.8732549999999999,354493.85857600655
9907.0,0.865028,351103.4758198226
9908.0,0.8320649999999999,337675.4901446412
9909.0,0.826234,335260.7101823532
9910.0,0.836929,339551.3962047187
9911.0,0.8619129999999999,349637.1996291603
9912.0,0.879611,356764.9198392086
9913.0,0.8447979999999999,342595.4984649353
9914.0,0.807118,327267.65392889467
9915.0,0.8190069999999999,332040.4023099067
9916.0,0.859542,348423.6933750382
9917.0,0.892849,361872.7211404768
9918.0,0.8698889999999999,352516.0646345749
9919.0,0.81296,329398.40237473586
9920.0,0.810723,328444.53050646716
9921.0,0.853986,345921.465892495
9922.0,0.881871,357165.1173362053
9923.0,0.8753350000000001,354466.7274801244
9924.0,0.8343799999999999,337833.15265608556
9925.0,0.799429,323634.9905057043
9926.0,0.813921,329454.16996166256
9927.0,0.8664440000000001,350663.39200659475
9928.0,0.8956799999999999,362443.21646538284
9929.0,0.881158,356515.19797135395
9930.0,0.846949,342624.7031944933
9931.0,0.817844,330802.6881967967
9932.0,0.8210709999999999,332059.88206642575
9933.0,0.853075,344953.0912726243
9934.0,0.870843,352086.857564468
9935.0,0.8728229999999999,352836.2894208318
9936.0,0.867259,350536.2911389362
9937.0,0.85329,344840.23143165227
9938.0,0.83901,339020.14202397957
9939.0,0.8496299999999999,343261.65178365
9940.0,0.8777510000000001,354571.52851230657
9941.0,0.8898520000000001,359407.7000834764
9942.0,0.868088,350566.49906766
9943.0,0.824247,332813.61823200097
9944.0,0.7962100000000001,321446.26845890214
9945.0,0.83535,337198.9995515967
9946.0,0.906944,366045.6959615003
9947.0,0.928808,374815.7265529989
9948.0,0.89143,359679.8597275095
9949.0,0.843308,340213.93995043833
9950.0,0.8212719999999999,331275.9460044134
9951.0,0.826996,333536.4407620917
9952.0,0.8538110000000001,344301.2614754681
9953.0,0.8789040000000001,354368.6457593307
9954.0,0.886028,357189.15690899047
9955.0,0.8829809999999999,355909.14182308654
9956.0,0.8679110000000001,349783.9959118054
9957.0,0.8523950000000001,343480.89467295026
9958.0,0.8526299999999999,343525.7081571625
9959.0,0.867082,349297.7110897372
9960.0,0.888049,357692.16395675053
9961.0,0.8958079999999999,360764.9631817458
9962.0,0.880609,354592.4209014271
9963.0,0.8463430000000001,340745.11673551577
9964.0,0.820556,330315.04652237997
9965.0,0.822626,331100.2080567711
9966.0,0.840306,338167.1125022756
9967.0,0.870006,350068.49526392994
9968.0,0.897224,360967.8561210981
9969.0,0.887127,356853.7836529326
9970.0,0.851791,342589.7843620074
9971.0,0.835924,336159.20012325334
9972.0,0.860196,345869.657923349
9973.0,0.8790389999999999,353394.69050613214
9974.0,0.8724540000000001,350696.3438696914
9975.0,0.872532,350676.67484033783
9976.0,0.8821459999999999,354489.0252133816
9977.0,0.8721200000000001,350409.0970875811
9978.0,0.831607,334082.7537134147
9979.0,0.810702,325637.1547619995
9980.0,0.823384,330683.031140179
9981.0,0.826729,331978.0963991939
9982.0,0.837093,336090.8840451342
9983.0,0.8622989999999999,346160.62192574557
9984.0,0.869202,348880.94242599653
9985.0,0.845569,339345.68014651164
9986.0,0.814062,326653.6310733812
9987.0,0.8178489999999999,328125.4092672005
9988.0,0.8408459999999999,337302.77837893186
9989.0,0.84816,340187.1901225133
9990.0,0.8593850000000001,344639.1767088735
9991.0,0.8758360000000001,351185.3300093428
9992.0,0.861067,345213.05432146246
9993.0,0.8067380000000001,323384.69574747543
9994.0,0.762046,305425.1622899368
9995.0,0.771346,309107.48857450456
9996.0,0.798578,319973.71129151626
9997.0,0.800249,320596.4815856727
9998.0,0.808665,323920.8519060723
9999.0,0.84306,337648.9345206215
10000.0,0.8971399999999999,359255.77078370145
